29.0391
29.0618
28.9475
28.4701
29.0074
28.783
28.8995
28.6025
28.7136
28.8195
28.8125
28.5675
28.4896
28.8238
28.6917
28.8184
28.5517
28.6453
28.5281
29.0728
28.7945
29.1095
28.6255
28.5282
28.6352
28.9961
28.8296
28.6065
28.7001
28.2891
28.457
28.5224
28.6533
28.9516
28.3202
28.9642
28.6451
28.4751
28.8351
28.6696
28.9661
28.9205
28.8338
29.0101
28.9486
28.9781
28.9358
28.9633
28.7419
28.8371
28.4974
28.6344
28.7439
28.6624
28.1931
29.0229
29.1279
28.5795
28.515
28.7596
28.7423
28.2507
28.7941
28.759
28.7574
28.8305
29.2069
28.8339
29.0302
28.3509
28.8191
28.6271
28.9803
28.7085
28.6075
28.7789
28.5591
28.9846
28.9224
28.7327
28.7027
28.8416
28.6519
28.8379
28.5596
28.7416
28.7769
28.5316
28.8244
28.7926
28.7614
29.222
28.3499
28.5164
29.2875
28.5234
29.0272
28.709
28.9988
29.0254
29.3035
29.0711
29.5403
28.9151
29.3041
29.4128
29.1392
28.6975
29.0058
28.9353
29.3036
28.8562
29.0589
29.0581
28.664
28.9155
29.1785
28.665
28.7582
29.2407
29.0281
28.9294
29.1073
29.1857
29.069
28.7492
29.0474
29.2878
29.138
29.0057
29.1953
28.926
28.9346
29.1178
28.9484
28.9827
29.0557
28.9569
29.0661
28.8404
29.0388
29.0132
29.3848
29.027
28.5812
28.9448
28.5758
28.5658
28.9532
28.9351
28.668
29.1291
28.7871
29.0672
29.0473
29.1577
29.0764
29.0286
29.0857
29.1463
28.7045
29.1558
29.0821
29.1845
28.9824
28.9771
29.2343
28.7604
29.3239
28.9831
28.8724
29.0275
28.8116
28.9113
29.1275
28.6703
29.5391
28.5304
28.8361
29.2906
28.8967
29.0002
29.1855
29.1509
29.041
28.7832
28.9361
29.2988
28.9513
28.9015
28.978
28.8471
29.4678
28.9077
29.0848
29.2532
28.7187
29.0489
29.3919
29.0698
28.7061
28.7397
29.1099
29.0414
28.9934
29.0249
29.0448
28.762
29.2657
29.0773
28.7488
28.6904
28.4292
29.0553
29.0138
29.1069
29.0041
28.643
29.0413
29.295
28.8874
28.5516
28.7107
28.8262
29.1452
28.9221
29.1328
29.2716
28.878
28.9827
28.6637
28.8682
28.9405
28.9091
28.9915
28.8244
29.2405
28.9453
28.8707
29.2163
29.2179
28.7868
28.7243
28.9757
28.9471
29.118
28.8495
28.9419
28.7678
28.6776
28.9348
29.2309
29.1066
28.5684
29.0742
28.8645
28.8889
28.9861
28.9124
28.9231
29.381
28.6534
28.9684
29.3096
28.7444
29.3004
28.5841
28.9901
28.8945
28.7667
28.8964
29.2343
28.3413
29.1226
28.9202
28.748
29.0629
29.0186
29.1509
28.7312
28.7136
28.7092
28.7187
29.0078
28.8333
29.1799
29.1701
28.6605
29.0133
29.1474
28.59
28.9995
28.7762
29.3167
28.9427
29.3038
28.7127
29.0344
29.1888
28.9639
29.1619
29.2461
28.9228
29.1229
28.972
28.9225
29.118
28.7561
28.9572
29.2103
28.9208
29.0096
28.8067
29.2864
29.4006
29.2263
29.0249
28.4895
28.8693
28.7096
28.7672
29.0171
28.883
28.9418
29.2895
28.8341
28.9762
28.6386
29.1491
28.8037
28.9645
28.9464
29.0324
29.2329
29.2179
28.9793
29.0407
29.1488
28.6797
29.3555
28.9871
29.0874
28.7826
28.9123
28.6866
28.8228
29.1798
28.9666
29.0842
28.7973
28.9651
28.6997
28.6691
29.0714
29.1687
28.738
29.0344
29.2161
29.0825
29.3432
28.5976
29.1121
28.7178
29.0082
29.1983
28.8219
29.1861
29.0679
28.6617
29.2158
28.8742
29.0413
29.0395
29.1662
28.6866
28.9635
28.8949
28.8775
28.8255
28.9547
28.8061
29.1989
29.3551
29.3427
28.786
28.7563
28.3823
29.0747
29.1244
28.7602
28.9515
28.8777
28.9925
28.4644
28.8371
28.7652
28.779
28.9886
28.9518
29.1301
28.7608
29.0638
28.7475
28.668
28.3755
28.8312
28.9404
29.1124
28.5566
29.0501
28.524
29.3651
28.7852
28.8185
28.5234
29.0706
28.8409
28.979
29.0489
28.9138
28.9417
29.1752
28.9152
28.8882
28.8135
29.022
28.943
28.8699
28.8203
28.929
29.1744
28.8457
29.0199
29.0256
29.0216
28.6981
28.3544
28.5497
28.7717
28.8465
28.6827
29.0469
28.6606
28.5825
28.7512
28.6775
28.9993
28.5492
28.7204
28.8083
28.9534
28.8407
28.733
28.7517
29.0375
28.8174
28.9659
28.831
28.9472
29.1951
28.7699
28.3603
29.382
28.5211
28.8018
28.697
28.4924
28.8423
28.9339
28.7892
28.4625
28.7802
28.9586
28.8052
28.9953
28.9114
28.5733
28.4005
28.843
28.6417
28.9789
28.2437
29.2857
29.2185
29.105
29.0942
28.9027
29.1717
28.8776
28.7239
29.0374
29.1735
28.8607
28.872
29.233
29.106
28.7996
28.748
29.0593
28.8247
29.0645
29.1824
28.9988
28.371
28.8866
29.1195
29.1466
28.9871
28.6898
28.913
28.8457
29.3686
29.1424
28.8505
28.9013
28.8872
28.9861
29.2315
28.9504
28.8932
28.9791
28.9384
29.0561
29.4159
29.1144
29.0233
28.457
29.0001
29.3921
29.0094
28.6572
29.0886
28.7571
28.9047
28.9719
29.2805
28.7576
28.7533
28.9936
28.8008
28.9536
29.0355
28.7611
29.1645
28.5468
29.0268
28.7782
28.7676
29.286
28.9514
28.9059
28.6259
28.9275
28.7245
29.0882
29.0331
28.9386
29.1802
28.9689
29.0504
28.9437
28.9655
28.7802
28.5584
28.7964
28.7042
28.9762
28.8482
28.8863
29.1366
28.4528
29.3752
28.8166
29.0155
29.1191
28.6887
29.2666
29.1998
28.8165
28.7851
28.9028
28.9232
28.6845
28.7924
28.6156
29.1586
29.2068
28.6389
28.9064
28.411
28.9487
29.0338
28.7241
28.7224
28.7182
29.0554
28.4866
29.1093
28.6489
28.8133
28.7263
28.9045
28.8216
28.9717
28.7172
28.8549
28.923
28.5816
29.3502
28.9552
28.973
29.0526
29.0083
28.7585
28.9851
29.0043
28.8424
29.008
29.0156
28.7775
28.9151
28.5014
28.8972
28.6857
28.7353
29.0782
28.7946
28.6079
28.9593
29.0271
28.552
28.6291
28.7697
28.8395
29.0733
28.7838
28.9282
29.2481
28.8872
29.3487
28.8806
29.3574
28.9833
28.7184
28.5451
28.8392
28.8988
28.7287
28.5781
28.9971
29.1728
29.1332
28.5371
28.8818
28.7714
28.5483
28.7557
28.5135
28.8358
28.8912
28.7737
28.8311
28.6873
29.3474
28.6664
28.7619
28.6627
28.9518
28.673
29.3713
29.2041
28.5057
28.8116
28.8753
28.9306
28.778
29.1291
28.7846
28.9543
28.8032
28.8739
28.66
28.8607
28.8537
28.496
28.8283
28.9153
28.7757
29.0436
28.8908
28.7789
28.8766
28.7795
28.6983
28.8564
28.5338
28.4386
28.9527
28.6767
28.4232
28.846
28.6222
29.1074
29.023
28.943
28.6816
28.7711
28.6661
29.0281
28.5662
29.2376
28.8417
28.7454
29.1705
28.8462
28.9382
28.9043
28.72
28.9346
28.7945
28.6302
28.6234
28.3661
28.9228
28.9202
28.8746
28.595
28.8013
28.6177
28.9556
29.1106
28.6027
28.9206
29.0279
28.6823
28.8498
29.0739
28.745
29.4069
28.9262
28.6556
28.9688
29.1371
28.8266
28.8309
28.8143
28.5653
28.9238
28.6051
28.8006
28.6695
28.9194
28.571
28.8617
28.8413
29.3715
28.7375
29.0071
28.7676
28.7623
28.5837
29.0839
28.9706
28.6543
28.8303
28.8826
29.063
29.0584
28.5005
28.801
29.0633
29.1461
28.6943
28.8659
28.8545
28.8142
29.4063
29.0864
28.6518
28.6991
29.1351
29.0183
29.0062
29.0454
28.9621
28.9
29.0223
28.887
29.1277
28.9126
28.4448
28.837
28.9027
29.0024
28.8889
29.0952
28.5677
29.0796
28.9873
29.1188
28.6075
29.4055
28.901
28.9781
28.8553
28.5263
28.5475
28.5323
28.8402
28.4629
28.2568
28.7932
29.0614
28.7993
28.7447
28.7162
28.7707
28.9591
28.569
28.7532
29.1194
29.1598
28.5907
29.0654
29.2463
28.7854
28.4776
29.0319
28.6778
29.0058
28.7529
28.9483
28.8626
28.6953
28.8674
28.72
28.8854
28.7819
28.9515
29.3117
28.5203
28.7511
28.9266
28.805
28.8002
29.0777
28.8054
29.1707
28.8134
28.647
28.8494
28.3768
28.8582
29.0188
28.6929
28.6165
29.0181
28.8609
28.7289
28.8004
28.5622
28.8065
28.5045
28.9931
28.5812
28.8534
28.8149
29.1047
28.8948
28.8673
28.8025
28.9461
28.6034
28.5267
28.918
28.8464
28.8019
29.3322
28.7696
28.8586
28.4863
29.2526
28.29
28.8333
28.8169
28.8838
28.7016
28.8563
29.0953
28.6607
28.8302
29.3546
28.7582
29.2484
29.1673
28.6627
28.5394
28.9703
28.9321
28.9763
28.8829
28.7402
28.8179
28.8894
28.7301
28.5034
28.8271
28.6824
28.6985
28.9233
28.7273
28.7743
28.5955
29.0846
29.1103
29.021
28.9588
28.781
29.022
28.7329
28.5056
28.804
28.9231
28.3514
28.8766
28.5834
28.9082
28.5302
29.1643
29.1105
28.8037
28.7056
29.0497
28.7358
28.5094
28.8764
28.8259
29.0372
28.4189
28.8063
28.958
28.6932
29.1246
29.1957
28.8912
28.6669
28.4902
28.5921
28.5966
28.7642
28.9672
28.5159
28.5078
28.9029
28.4386
28.9505
28.6138
28.4797
28.4297
28.8194
28.6973
28.7722
28.5256
28.6558
28.5776
28.596
28.7104
28.6032
28.7647
28.4355
28.2364
28.8986
29.0199
29.1184
28.5081
28.7915
28.7207
28.5016
28.8233
29.0006
28.9662
28.5599
28.8885
28.4173
28.6345
28.5133
29.1515
28.3406
28.7684
28.6326
28.8791
28.854
28.4174
28.8036
28.9372
28.9786
28.5999
28.7089
28.665
28.8534
28.9768
29.0393
28.5978
29.2859
28.6145
28.8447
28.6804
28.5287
28.1223
28.9298
28.6824
28.9853
28.78
28.5672
28.4188
28.8519
28.736
28.6219
28.8314
28.7449
28.805
28.6307
28.6442
28.7008
28.6619
28.7714
28.5649
28.4032
28.5194
28.6957
28.6331
28.5418
28.7265
28.8217
28.5862
28.6871
28.9194
28.6428
28.7349
28.767
28.869
28.8419
28.0042
28.8285
28.8706
28.822
29.0019
28.8761
28.702
28.8976
29.0288
28.7879
28.9326
29.0996
29.0131
28.893
28.6544
28.5205
28.872
28.5765
28.7167
28.8564
28.7634
28.8329
28.8012
29.0812
28.9705
28.9752
28.7298
28.9047
28.7847
28.7216
28.7213
28.8547
28.5981
28.6039
28.8171
29.1057
28.8611
28.8161
28.8649
28.5398
29.2069
29.1874
28.8152
28.7436
28.8413
28.7815
28.9417
29.3705
29.0627
29.0758
28.8011
29.1508
28.7286
28.3531
28.8728
28.9094
28.5935
28.987
28.8149
29.1924
28.8235
28.55
28.5526
29.1078
29.2916
28.6431
28.9863
28.9337
28.5992
28.8173
28.8308
28.6424
28.4446
29.0009
29.0731
29.1513
28.8181
28.8145
28.9985
28.8337
29.0835
28.6745
28.4299
28.9739
28.8189
29.0833
28.4128
28.4379
28.7598
28.8725
29.335
28.8112
29.1205
29.1103
28.4666
28.9978
28.5931
29.2987
28.9694
29.2331
29.0949
28.9378
28.398
29.4391
28.4097
29.3659
28.8896
28.7243
29.0742
28.8614
28.8393
28.9308
29.1718
28.8897
29.0155
28.9946
28.5961
28.4633
29.1074
28.9722
28.8357
28.755
28.9562
29.1216
28.7776
28.6759
29.1265
28.8842
28.8895
28.6044
28.6802
29.0889
28.9918
28.9016
29.1235
28.7732
28.9045
28.7495
29.1222
28.8139
28.7169
28.7917
28.9449
29.3236
29.1165
28.4218
29.1544
28.6286
28.9416
28.7578
28.9189
28.6715
28.7403
29.1846
28.8983
28.5872
28.9971
29.1414
28.7753
29.0747
29.0244
29.2671
28.8405
28.8202
29.1006
28.6105
28.4909
28.8057
28.9306
28.7368
28.7003
28.3091
28.7994
28.7175
28.8353
28.5697
28.6412
28.8158
28.7597
28.9319
28.8731
28.5612
28.6933
28.5208
28.6861
29.1762
28.94
28.7806
28.7277
28.9019
28.6882
28.8824
29.0535
28.6539
28.8296
28.5462
28.6393
28.7996
29.0537
29.2579
28.7812
28.6404
28.9464
28.6743
28.7609
28.8186
28.6828
28.1686
28.6061
29.1179
28.9959
28.8031
28.7968
28.4855
28.857
28.5714
28.6924
28.8696
29.1146
29.061
28.8666
28.9468
29.0751
28.6067
28.8604
28.8333
28.4414
28.9213
29.0554
28.931
29.0756
28.6688
29.2263
28.5157
28.46
28.6216
29.3551
28.5044
28.5485
28.9897
28.831
28.7871
28.9269
28.5345
28.7875
28.9676
28.4128
28.4972
29.092
28.5597
28.8049
28.9114
28.8216
28.7788
28.8298
28.5024
29.0339
28.9074
28.9616
28.822
29.1524
28.6854
28.4418
28.9996
29.1335
29.0132
28.9369
29.1189
28.8809
28.504
28.7631
28.9079
29.0728
28.8081
29.0142
28.7815
29.1759
28.8092
28.8013
29.0334
28.5706
29.1258
29.0979
28.9433
28.9915
28.8036
29.1299
29.3122
29.1268
29.1569
29.2045
28.9262
28.9487
29.052
28.8732
28.6876
28.984
28.8879
29.1076
29.1238
28.6902
29.169
29.2918
28.9949
29.1411
28.9458
28.8671
28.6184
28.6471
28.8991
28.9743
28.9491
28.8232
28.9948
28.6601
29.1753
28.7256
29.0242
28.7159
29.0392
29.034
28.9158
28.737
28.5623
28.6454
29.2824
29.108
29.1498
28.8875
28.9241
28.8955
28.8194
29.3073
28.885
28.6837
29.1981
29.1492
28.7635
28.5084
28.6392
28.9417
28.8919
28.6803
28.8225
28.8431
28.8223
28.9575
28.6333
28.9283
28.7899
28.7604
28.9269
28.6882
28.8845
29.0345
28.4849
29.1083
28.5973
29.2031
28.4857
28.8913
28.7823
28.3735
28.8086
28.8238
28.4999
28.7147
29.0404
28.8324
28.8871
28.569
28.6234
28.6766
28.7205
28.5404
28.3214
29.1239
28.4687
28.8905
29.0121
28.8011
28.6852
28.8014
28.9974
28.4688
28.8509
29.0676
28.8518
28.9778
28.7953
28.5596
29.1999
28.8143
28.6264
28.6739
28.7056
29.0154
28.3795
28.9117
28.8269
28.862
28.8729
28.672
29.0659
28.5116
29.233
28.9543
28.8322
29.0075
28.9325
28.7374
28.3501
28.5948
28.6517
28.8046
28.4408
28.5977
28.8108
28.2094
28.9498
29.1139
28.8453
29.0721
29.1023
29.0193
28.6826
29.1389
28.9867
29.2176
28.6228
29.3505
28.6547
28.6581
29.0928
28.9012
28.6993
28.984
29.1528
28.9814
28.7905
29.0467
28.9035
28.9093
28.9123
28.6696
28.8968
29.1425
29.0552
29.386
28.5853
29.3375
29.2153
28.7669
28.9422
29.0503
28.5646
28.9671
29.0378
28.9346
29.1658
28.7098
29.3169
28.9172
29.0606
28.7253
29.2549
28.8061
29.0268
28.6264
28.9881
28.7893
28.7932
29.1344
28.8441
29.1714
28.8831
28.955
28.9566
28.9179
28.975
28.6402
29.0454
29.3567
28.4998
28.9956
28.6363
28.8249
28.8486
29.1148
28.7082
29.2553
29.1965
28.8102
28.5702
29.2854
28.7766
28.7343
28.811
28.8241
28.8176
28.925
28.5298
28.8872
28.9029
28.8188
28.9051
28.9357
28.6111
29.0924
28.8291
29.0918
28.6234
28.702
28.4918
28.3069
28.3235
28.5083
28.9865
28.738
29.1876
28.8855
28.6195
28.767
28.877
28.3436
28.8971
28.6302
28.2821
28.7704
28.8015
28.7643
28.8164
28.5853
28.8741
29.0415
29.1122
28.5247
28.5628
28.6443
28.7018
28.5107
29.0347
28.4854
29.4522
28.6125
28.6824
28.9004
28.6801
28.98
28.2773
28.6946
28.7438
28.6989
28.8976
29.0807
28.7966
28.4722
28.4629
28.1863
28.8411
28.6996
28.8908
28.6635
28.8936
28.7383
28.5688
28.7871
28.5214
28.6891
28.4946
29.0809
28.392
28.6518
28.5825
28.7806
28.6078
28.7595
28.5527
28.3336
28.7973
28.7524
28.3744
28.8081
28.0929
28.9737
28.8893
29.0437
28.6522
28.5207
29.223
29.3124
28.7756
29.1028
28.5919
28.8186
28.6553
28.7646
29.109
29.1065
28.8795
28.8579
28.9806
28.9687
28.5037
29.0122
28.9175
29.1095
28.8872
28.8964
28.8029
28.5515
28.8489
29.1416
28.722
29.1252
28.688
29.1109
29.0141
28.3963
28.6517
29.192
28.5368
28.7461
28.7773
28.6409
29.1972
28.7002
29.159
29.4536
29.1444
28.3855
28.7089
28.759
28.896
28.8216
28.9298
29.0348
28.9349
28.9821
28.8326
28.8731
28.7619
29.0452
28.8508
28.7332
29.0884
28.6991
28.6953
28.5819
28.9851
28.71
28.903
29.1055
28.6709
28.9404
28.4361
28.5477
28.7856
28.9648
28.9838
28.7104
28.8412
28.7014
28.7473
28.8952
29.155
28.9589
28.9768
28.637
29.0133
28.7687
29.1277
28.7165
28.7023
29.1587
28.907
29.1153
28.9645
29.3908
28.8903
28.868
29.2358
28.7516
28.4529
28.3805
28.6495
28.7333
28.8217
28.5654
28.9609
28.8644
28.8656
28.7099
29.5021
29.1178
28.3372
29.1654
28.8313
28.5922
28.6468
28.7112
28.4316
28.962
28.7099
29.0813
28.794
28.8803
29.1062
29.032
28.9608
28.3331
28.6363
29.2601
28.6172
28.713
29.2405
29.1208
29.2779
28.5707
29.1037
29.1302
28.6888
28.866
29.0368
28.8975
29.0511
28.3066
28.8629
28.9567
28.7797
28.4944
29.0788
28.9862
28.6327
28.9065
28.7384
28.1265
28.425
28.7736
28.8328
29.1715
29.0078
28.5981
29.3586
28.6052
28.6086
28.5853
28.6533
28.8338
28.9117
28.5959
28.4081
28.7488
28.9706
28.4733
29.0129
28.8331
28.7317
28.6646
29.0917
28.6379
28.9157
28.5836
28.5884
28.4585
28.6115
28.7824
28.8572
28.3636
28.6259
28.5015
28.7574
28.7857
28.7914
28.6845
28.6673
28.4734
28.5012
28.6532
28.3274
28.877
28.4646
28.4245
28.2582
28.5649
28.9052
28.3802
28.747
28.5585
28.25
28.6075
28.5467
28.3185
28.7891
28.648
28.4343
29.2285
28.5537
28.6734
28.5382
28.5484
28.9002
28.6807
28.7458
28.7195
28.7578
28.5708
28.6732
28.5449
28.4852
28.6547
28.5953
28.361
28.8773
28.5884
28.9162
28.7985
28.8283
28.2382
28.3801
28.9088
28.6864
28.8466
28.605
28.7419
28.8155
28.6934
28.733
29.0541
29.2206
29.2459
28.9635
28.3233
28.9364
28.8451
28.8376
29.0407
29.0767
28.6295
29.1154
28.6244
28.9103
28.4672
28.7559
28.594
28.7692
28.7346
28.7668
28.7447
29.1924
29.151
28.6127
29.1047
29.2112
28.8138
28.8623
29.1021
28.9059
28.6558
29.2413
28.7214
28.4989
29.0392
28.9244
28.7473
29.2767
28.7086
28.9683
29.1005
28.9818
28.9349
29.168
29.0806
29.0606
29.0688
28.933
28.8882
28.9107
28.7699
28.8957
28.6774
28.9131
29.0083
28.7311
29.2355
28.7077
28.7263
28.893
28.8965
28.9313
28.6029
29.1808
28.7263
28.9477
28.9835
28.7872
28.874
29.0914
28.6096
29.1741
28.8586
28.8494
28.7989
29.132
28.3872
28.6698
28.742
29.167
28.8527
28.9159
28.75
28.7296
28.7851
28.5539
28.9763
28.9973
29.0863
28.2002
29.0692
28.6928
28.5667
28.6945
29.1081
28.964
28.8275
28.5699
29.1257
28.9442
28.7353
29.0689
29.1169
28.9276
29.1123
28.9039
28.9529
28.7008
28.6575
28.5971
28.6908
29.0078
28.7772
28.5643
28.8094
28.9175
28.7811
29.0994
28.761
28.6963
28.4923
29.1328
28.6802
29.3045
28.8238
28.7306
28.515
28.4927
28.9514
29.1606
28.6583
28.9229
29.0659
28.9937
28.8963
29.163
28.7531
28.5817
28.7575
28.4958
28.8003
28.7309
28.7019
28.9416
28.9275
28.9541
29.3184
28.788
28.3768
29.0092
28.7839
28.7288
28.7103
28.1463
28.5437
28.8525
29.0302
28.6509
28.5091
28.9929
28.5485
28.4334
28.7043
28.7967
28.6526
28.4975
28.8963
28.3456
28.8483
28.3459
28.7441
28.27
28.7369
28.8903
28.9094
28.876
28.7015
28.3852
28.79
28.6624
28.5114
28.8809
28.7886
28.6901
28.6369
28.6768
28.5616
29.2329
28.232
28.8251
29.1157
28.5237
28.3692
28.8542
29.0331
28.4869
28.7019
28.8083
28.5192
29.1134
28.6938
28.9818
28.6527
28.8222
28.7567
28.8098
28.6661
28.6861
28.8608
28.6021
28.2753
28.8601
28.7718
28.8273
28.8658
28.7173
28.6938
28.7105
28.5099
28.3685
28.5971
28.5775
28.7722
28.5302
28.615
28.8868
28.9194
28.88
28.8365
28.6899
28.9205
29.0443
28.8076
28.9045
28.9064
28.7904
29.1224
28.6314
28.9085
29.1117
28.8953
28.9031
28.9424
28.7752
28.8576
28.7403
28.7402
28.9834
28.7382
28.708
28.9866
28.9116
28.8442
29.3206
28.6152
28.519
28.8574
29.2902
28.7458
28.8672
28.5878
28.9397
28.8296
28.718
28.6936
29.3635
28.7893
28.5963
28.5607
28.8139
28.8965
28.8402
29.1638
28.7702
28.7162
28.78
28.997
28.7626
28.9362
29.0096
28.9208
28.5325
29.2272
28.5793
29.2694
28.9564
28.7954
28.8471
29.036
28.9788
28.9851
28.464
28.934
29.0611
28.8958
28.8806
28.915
28.945
28.9141
28.5446
28.9351
28.8791
28.852
29.065
28.7076
28.8134
28.9999
28.937
28.8492
28.833
28.9614
28.7256
29.4616
28.6071
28.5313
29.2267
29.0415
29.0993
28.6806
28.9308
29.4949
28.9799
28.5876
28.8325
28.8114
29.0348
28.908
29.267
29.2053
28.4482
28.8614
28.8995
28.9528
28.9336
28.9409
29.2102
28.6766
28.8904
29.0976
28.6076
28.6216
28.9428
28.8337
28.7961
29.3989
28.9897
29.0595
29.1294
28.9898
29.1706
28.9555
28.683
28.4656
28.7471
28.725
28.3574
29.2888
28.6288
28.677
28.8458
29.2047
28.8606
28.9999
28.94
28.6685
28.723
28.9743
28.6909
29.0684
29.1441
29.2917
29.0377
28.9243
28.5237
28.7526
28.9395
28.9774
29.1384
28.8086
28.534
28.6589
28.916
29.2068
29.1883
28.8154
28.9829
29.5236
28.6664
28.9672
28.7346
29.1237
28.8035
29.1074
28.9205
28.5334
28.6895
28.9111
29.1179
29.0574
28.9813
29.1069
28.5843
28.9702
28.8639
29.1165
28.8923
29.1227
28.3446
28.8445
28.8934
28.9697
28.9201
28.675
28.6181
28.5849
28.6464
28.8171
29.3871
28.9535
28.8849
28.6956
28.7649
28.7433
29.3021
28.803
28.7925
29.261
28.8415
29.109
28.8601
29.0028
28.9298
28.4731
28.7346
28.7454
28.6578
28.7176
28.5748
28.8224
28.6278
28.4069
28.7362
29.0647
28.5693
28.786
29.0082
28.7207
28.4563
28.6865
29.1797
28.8864
28.5394
28.816
28.702
28.152
29.0027
29.1416
28.5565
29.1978
28.6498
28.986
28.6345
28.9277
28.709
28.3474
28.8867
28.4542
28.6351
28.8463
28.7843
28.5125
28.8157
29.1432
28.4107
28.5622
28.4429
28.805
28.7668
28.6358
28.5437
28.6821
28.7484
28.6817
28.6591
28.9883
28.5037
28.2443
28.5062
28.6481
28.7971
28.9766
28.8502
28.582
28.6338
28.5158
29.2255
28.7946
28.8355
28.7328
28.7988
28.705
29.2543
28.6631
28.8203
28.8567
28.4632
28.8949
28.9587
28.3802
28.6885
28.742
28.8137
28.6237
28.6742
28.6043
28.5052
28.6669
28.9631
28.6823
28.8091
28.2231
29.0003
28.8347
28.5502
28.6678
28.4647
28.7308
28.9285
28.8014
29.0253
28.5019
28.6867
28.5681
28.7725
29.2511
28.8072
28.8315
28.5635
28.8874
28.9651
28.7888
28.5464
28.5632
28.552
29.0314
28.6094
28.6432
28.6505
29.0266
28.5381
28.3669
28.6539
28.5097
28.5256
28.9741
28.5245
28.3274
28.6417
28.7311
28.7367
28.7315
29.2039
28.8743
28.676
28.7422
28.6186
29.2981
28.7787
29.1088
28.7877
29.2442
28.98
29.2774
28.2536
28.9374
28.5546
29.2327
28.5014
28.4899
28.5813
28.265
28.6206
28.484
28.4088
28.5153
28.5177
28.747
28.6857
28.8883
28.3014
28.7819
28.5418
29.2584
28.8586
28.5596
29.3362
28.8185
29.0602
28.5615
28.9643
28.3738
28.7764
28.5999
29.3272
28.753
28.839
29.0651
28.9024
28.7792
29.1189
28.906
29.0966
28.8647
29.0793
28.7038
28.7308
28.8491
28.9073
28.0336
28.3958
28.7573
28.9525
29.0569
28.7389
28.661
28.9963
28.8645
28.7168
28.8115
28.9515
29.0997
29.1396
29.0233
28.5005
29.1642
28.7755
29.0167
28.5605
28.8449
29.4002
28.4291
28.8629
29.2204
28.5868
28.7675
28.6064
29.0672
28.4683
28.619
28.81
29.1444
28.5312
28.959
28.6794
28.8363
29.065
28.8217
29.1643
28.7595
28.6942
29.2469
28.5318
28.9557
29.0998
28.5657
28.7376
28.8969
28.785
29.2423
28.6607
29.0762
28.7445
28.7059
29.1135
28.9496
29.0157
28.8178
28.5935
29.1499
28.9023
29.2081
28.6785
28.8651
28.6159
28.9209
28.8047
29.2416
28.868
28.7351
28.5676
28.9371
28.7118
28.4729
28.6101
29.0032
28.9216
29.0714
28.8017
29.0519
29.1454
28.8657
29.1644
28.4671
29.2287
28.6665
28.4636
28.7256
28.4785
28.7954
28.8141
29.341
29.1524
28.8463
28.648
28.917
28.861
28.9464
28.6145
28.4596
28.4797
29.042
28.9707
28.7665
28.9479
28.8408
28.9929
29.0692
28.7983
28.8965
28.8769
28.8492
29.0636
29.0382
28.5787
29.094
28.995
28.5544
28.4578
29.1414
28.7102
29.1062
29.0347
28.559
28.4009
29.0153
28.8072
28.9283
29.2624
28.6336
28.3992
28.729
28.5591
28.4925
29.1218
28.6001
28.567
28.5235
28.3695
28.7203
28.8251
28.8324
29.1093
28.8017
28.7151
28.4853
28.4311
28.8377
28.4509
29.1813
29.0995
28.4599
29.0181
28.5944
29.0868
28.6635
28.6357
28.5753
28.8765
28.5477
29.05
28.777
28.6984
28.9342
28.4151
28.8931
28.8028
28.8991
28.6667
28.6532
28.6942
29.0333
29.1221
28.808
28.4659
28.3794
28.9838
28.2888
28.9852
28.7827
28.7784
29.0454
28.6952
29.1513
28.8006
28.6064
28.781
28.8212
29.1836
29.0195
29.0639
28.9799
28.922
29.4788
29.3866
29.3859
28.9723
28.7111
29.0987
28.9988
28.6104
28.8475
28.9393
28.8064
28.8784
28.8533
28.871
29.0657
29.3259
29.041
28.9706
28.7909
29.084
28.8929
28.7646
28.3386
29.056
29.0132
28.7433
29.3577
28.9179
29.0282
28.7275
28.8505
28.7241
29.0078
28.8778
28.7625
29.0069
28.6912
28.5256
29.1209
29.0685
28.8676
29.1071
28.9685
28.874
28.9478
28.8281
29.2372
28.4735
28.9136
28.8968
28.9731
28.6691
29.3797
28.8533
29.408
29.0831
28.5052
28.9556
28.1279
28.9788
28.7298
28.8069
28.9714
28.7111
28.5294
28.7238
28.6658
28.9265
29.2429
29.0016
28.8804
29.1109
28.5103
28.8742
29.1319
28.8303
28.5725
28.7923
28.7698
28.9376
29.0483
28.9969
28.7563
29.2943
28.8417
28.9692
28.9049
28.553
28.8142
29.0457
29.2977
28.5275
29.1594
28.769
28.3497
28.9587
28.8859
28.8133
28.9309
29.1293
29.1714
28.9584
29.1565
28.9374
28.9826
28.7714
28.6391
29.0635
28.7488
28.9769
28.7622
28.5023
29.1742
28.9571
28.5474
29.1413
28.7313
29.0359
29.2871
28.5473
29.138
28.7945
28.6235
28.7901
28.9485
28.6924
28.9858
29.0115
29.2293
28.8886
29.3377
28.9308
28.9911
28.8756
28.9147
28.8977
28.9991
28.6623
28.9937
28.799
28.731
28.6014
28.9507
28.5549
28.6373
29.0243
29.0932
28.7443
29.1125
28.7835
29.2478
28.8737
28.9246
28.8698
28.9208
29.0991
28.9529
28.9304
28.5487
28.668
28.9003
28.6502
28.9664
28.7418
28.4845
29.2358
28.4648
28.7888
28.7188
28.8029
28.5901
28.5647
28.694
28.9957
29.076
28.9911
28.583
28.7428
28.8422
28.7181
29.0156
28.8984
28.8109
29.0512
28.3884
28.873
28.8678
28.8469
28.7809
28.2138
28.2397
28.7403
28.7292
28.9464
29.0095
28.7262
28.7724
28.637
29.0499
28.9017
28.9914
28.4919
28.4201
28.495
28.7349
28.4929
28.3923
28.1849
28.311
28.761
28.5568
28.5909
28.8111
28.7203
28.545
28.5027
28.9245
28.5497
29.0171
28.635
28.9504
28.6907
28.7723
28.5058
28.5157
28.372
28.5921
28.3875
28.9326
29.0649
28.47
28.7191
28.653
28.8863
28.7192
28.4861
28.5819
28.4743
28.5448
28.9236
28.2684
28.4893
29.0033
28.5914
28.742
28.9124
28.4018
28.9126
28.6073
29.0087
28.8101
28.4907
28.5303
28.7791
28.4965
28.9485
28.5705
28.78
29.1611
28.6993
29.3089
29.2337
28.5612
29.0741
28.8324
28.9211
28.6467
29.1686
28.5576
28.344
28.7645
28.8577
29.2103
28.8606
28.5841
29.1387
29.1379
28.4635
29.2547
29.0352
28.7494
29.06
28.84
29.1791
29.053
28.9306
28.9145
28.5153
28.8757
29.1825
28.7878
28.9979
29.3614
29.1237
28.9756
28.7283
28.7057
29.0702
28.852
28.8627
28.795
29.3919
28.981
28.7298
28.8495
29.0093
28.6541
28.7458
28.6543
28.7284
28.907
28.9981
29.214
28.6071
28.7069
28.6531
28.8009
28.809
28.5836
28.7574
28.8939
29.0573
28.7108
28.5492
28.4218
28.9147
28.7426
28.8166
28.6367
28.859
28.3684
28.6231
28.5088
28.9997
28.9702
28.988
28.829
28.6663
28.5788
28.7569
28.9016
28.6974
28.7895
28.6932
28.6942
29.1004
29.1936
28.8477
28.7839
28.773
28.5735
28.8337
28.8342
28.8448
28.7976
29.0167
28.8475
28.614
28.4882
28.6574
28.9187
28.74
28.5631
28.6336
29.0964
28.7444
28.6403
28.446
28.7057
28.7211
28.7995
28.8173
29.073
28.6833
29.1047
28.9615
28.6506
28.6838
29.1642
29.0717
29.0669
28.6741
29.0472
29.1929
29.3887
28.9943
29.0163
28.9478
28.6029
29.0772
28.9807
28.8936
28.6871
28.5693
28.8827
28.8871
28.5313
28.7932
28.8297
29.1055
28.6874
29.3231
28.9174
28.6061
29.3822
29.2159
29.1234
29.1489
28.8582
29.0017
28.8953
28.5417
28.9657
28.7542
28.6705
28.6513
28.7636
29.5606
28.9668
28.8545
28.9266
29.1053
29.3263
28.6969
28.933
28.9446
29.0772
29.024
28.7627
28.8132
28.8683
29.018
28.8059
28.999
28.5812
28.8717
29.3132
28.6715
28.6184
28.4903
28.8309
28.5493
28.9916
29.327
29.2841
28.723
29.068
28.5448
28.6474
28.9181
28.939
28.7583
28.8715
28.8473
29.1612
28.9035
28.9289
28.3814
28.5803
28.717
29.2761
28.7527
28.8687
28.9131
28.7192
28.9623
29.0093
28.9717
28.882
29.0146
28.5591
28.738
29.1126
28.8442
28.638
29.0001
28.845
29.1456
28.4098
28.9638
29.0584
28.713
28.8519
28.9677
28.9089
28.8888
29.019
29.0621
29.1667
28.956
28.3241
28.8919
28.7823
28.657
28.6696
28.932
29.001
28.6762
28.8521
29.0451
28.5024
29.0997
28.7076
29.127
29.0033
28.7698
28.8457
28.8555
28.6043
28.993
28.7104
28.8025
28.5241
29.1644
29.0939
28.7107
28.7158
28.7508
28.7583
28.9037
28.5214
29.0286
28.6671
29.1464
28.7936
28.459
28.7241
29.4073
28.9306
28.4565
28.4393
28.9166
28.8212
29.1525
28.6504
28.7633
28.9413
28.4239
28.9452
28.4419
28.7913
28.5375
28.6894
29.2158
29.175
28.5574
28.5901
28.6829
28.7368
28.8423
28.79
28.5945
28.6944
28.2587
29.1838
28.7303
28.7995
28.9922
28.8703
28.8948
28.7735
28.4028
28.7066
28.911
28.6561
28.9458
29.0306
29.0895
29.1928
28.5822
28.6825
28.9259
28.8013
28.6932
28.7267
29.0229
28.5414
28.8322
28.8248
29.0122
28.6039
28.8747
28.8607
28.6784
29.0648
28.811
28.7563
28.8715
28.2845
28.5464
28.7451
28.8915
29.0099
28.6138
28.8219
28.5064
28.5208
28.6205
28.836
28.6438
28.3512
28.9111
28.8697
28.2809
28.4299
28.9978
28.601
29.056
29.2205
28.5188
28.8994
28.6176
28.8302
28.6239
28.9442
28.9277
28.8022
29.5196
29.4858
28.6621
29.05
29.0177
28.76
29.083
28.9478
28.5207
28.6162
28.576
28.6234
29.0473
28.6845
29.2987
28.8607
28.7484
28.5083
28.6511
28.7279
28.8307
29.199
28.9191
28.6594
28.7453
28.8389
28.7951
28.7642
28.7797
28.7641
28.5579
29.1382
29.0349
28.8393
29.1261
28.3907
28.217
28.7696
29.0353
29.0261
28.793
28.6605
28.7007
28.6687
28.9336
28.4906
28.9089
29.0622
29.1584
28.7992
29.01
28.5262
29.2907
28.6503
28.4493
29.1567
28.8546
29.0274
28.9583
29.0344
28.916
29.2075
28.8154
29.1049
28.4769
28.838
28.6124
28.8728
28.9333
28.6841
29.0463
28.7991
29.0892
28.7535
28.7354
28.8314
29.0099
29.0742
29.1128
28.8098
28.9898
28.715
29.1076
28.8925
28.7964
29.1382
28.8995
28.5128
29.3488
29.124
29.2233
28.9344
28.6503
28.6682
28.9794
28.9752
29.2883
28.6492
29.063
28.7255
28.6823
28.7439
28.8854
28.8761
29.2807
28.9602
29.1435
29.189
28.9006
29.0415
29.1382
29.1758
29.2286
29.0065
28.7402
28.7852
28.5355
29.056
28.9994
28.4195
28.9879
28.4338
29.0979
28.613
29.094
28.9381
29.0007
29.0179
28.8616
28.6455
28.984
29.1008
28.9846
29.1001
28.5931
29.4324
29.0864
28.7159
28.8009
28.9832
28.8907
29.1322
28.7862
29.0951
28.807
29.1951
29.0358
29.039
29.0486
28.9617
28.5601
28.6832
29.0097
28.6615
28.6957
28.8739
29.2876
28.9206
29.3403
28.9704
28.7134
28.9505
28.9936
28.7545
28.6607
29.0783
29.3461
29.1108
29.0371
29.3049
29.2011
28.7479
28.7604
29.3752
28.8118
28.8507
29.0388
28.9771
28.7244
28.9625
29.1434
28.8518
28.6164
28.7985
29.3287
28.9628
29.2239
29.1419
29.1583
29.4846
29.0274
28.9798
28.7424
28.8919
28.7882
29.5539
29.2085
29.1784
29.085
29.1032
28.8239
29.2572
28.9591
28.7416
29.1477
28.8094
29.0283
29.0066
29.0136
29.0264
28.9557
29.1862
29.1691
28.9961
28.7242
29.1401
28.7846
29.0088
28.9017
28.9713
28.8905
28.5156
29.2705
29.2022
28.5551
29.1042
28.9737
28.7682
28.7733
29.1484
28.7029
29.0484
29.0946
29.3331
28.6831
28.6414
28.8884
29.1893
28.9872
29.3992
29.233
28.7698
29.1517
28.716
29.3974
29.0311
29.1453
28.7722
29.1188
29.3138
29.3165
28.7141
28.9205
28.7634
28.6337
28.9892
28.9684
28.698
28.7742
29.4324
29.0569
28.9903
28.4872
29.107
28.9518
29.1906
28.7895
29.2359
29.5214
28.5798
29.4768
29.0124
28.8871
28.9581
28.8842
28.7832
28.7325
29.0241
28.4764
28.6283
28.9471
29.0182
28.6007
28.6347
28.8701
28.6381
28.8195
28.6434
28.6784
28.2619
28.3191
29.145
28.87
28.8442
28.9156
28.6767
29.3002
28.4047
28.5065
28.9339
28.686
29.0989
29.0599
28.7357
28.505
28.713
28.843
28.6791
29.1056
28.2388
28.5885
28.627
28.6096
28.4064
28.5507
28.975
28.8921
28.6977
28.9267
28.5261
29.0879
28.6701
28.5487
29.1964
28.5902
29.1859
28.8
29.044
28.8469
28.8357
28.6953
28.6389
28.9541
28.8689
28.9898
28.39
28.8424
29.2637
28.8309
28.7809
28.9292
28.8116
29.1228
29.3439
29.0671
28.931
28.8579
29.3353
29.0373
28.9206
28.6486
29.077
29.1149
29.3209
28.6773
29.0066
28.8729
28.5353
29.2322
29.1474
28.9963
29.0225
28.877
29.0283
28.7788
29.3959
28.8052
28.8652
28.8778
29.0706
28.4509
29.179
28.4121
29.0867
29.0745
28.7514
28.8789
28.7753
28.8273
28.7515
28.7135
28.6967
28.6829
28.9859
29.4304
28.8549
29.0637
28.9507
28.6679
28.6382
28.8986
29.2485
28.9987
29.167
28.6825
29.3258
28.3974
28.7874
29.0153
28.6007
28.8892
28.8307
28.8313
28.9145
28.4633
28.9103
28.7134
28.9418
28.9508
29.0006
29.1681
29.163
29.1057
28.758
28.6969
28.8948
28.7515
28.9024
28.7147
28.9281
28.5014
28.8972
28.6803
29.0253
29.0181
28.6836
28.7496
29.1072
28.6461
28.6312
28.2527
28.8921
28.5645
28.7486
28.7624
29.2275
28.7918
28.2526
28.869
28.4542
28.9346
28.5865
28.8456
28.7387
29.4338
28.5378
28.8263
28.5155
28.6682
28.491
28.495
28.7773
28.7002
28.6848
28.6199
28.2891
28.4627
28.5117
28.495
28.4775
28.7162
28.4429
28.5832
28.7916
28.9283
28.4994
28.7987
28.7834
28.8744
28.5134
28.5837
28.8415
28.6296
29.0382
28.5737
28.7907
28.9026
29.0373
28.7452
29.0497
29.1266
28.8966
29.0572
28.8765
28.8608
28.6746
28.5336
28.7662
28.8681
28.7753
29.0533
28.792
29.2662
28.9038
29.1066
28.6402
28.7236
29.0813
28.7118
28.4476
29.1179
28.8586
28.8066
28.5337
29.1504
28.5537
28.8854
28.8467
28.8624
29.1985
28.8189
28.6346
28.8169
28.3309
29.0173
28.738
28.6283
28.6441
28.7427
28.3173
28.7449
29.0523
28.9976
28.8166
28.4827
28.6475
29.0128
29.0392
28.8808
28.7724
29.3024
28.9673
28.8476
28.5326
29.0326
29.0271
28.9654
28.8671
29.0662
29.2796
28.9553
29.2023
28.7765
28.7662
28.8606
28.7747
28.7874
28.8636
28.6137
29.1004
28.5462
28.6418
28.9146
28.9039
28.9105
28.4552
28.9139
28.6935
29.1425
29.1899
28.6469
29.212
29.1575
28.9956
28.4053
29.142
28.6106
28.7592
29.0964
28.5781
28.542
28.552
28.6568
28.8126
28.5348
28.9399
28.89
28.8316
28.5854
28.855
28.9208
28.6721
28.7048
29.009
28.4241
28.8505
28.7211
28.8033
28.6672
28.5133
28.7568
28.411
28.9056
28.9527
28.5084
28.8006
28.48
28.5188
28.8032
28.8512
28.4526
28.4577
28.653
28.2712
28.6395
28.6617
28.841
28.5134
28.7998
28.499
28.6549
28.6738
28.3371
28.7487
28.5186
28.6325
29.0541
28.8091
28.6223
28.624
28.7197
28.7841
28.8678
28.5871
28.3922
28.9979
28.5449
29.0487
28.7673
28.4728
28.9354
28.3576
28.5411
28.5932
28.8056
28.5131
28.4125
28.5147
29.2842
28.5395
28.8018
28.9586
29.0281
28.4471
28.7396
28.7943
28.7966
28.201
28.7492
28.5299
28.7453
28.9008
28.4683
28.441
28.7101
28.6129
28.7404
28.7931
28.6771
28.7362
28.9683
28.7273
28.7063
28.6474
28.76
28.8156
28.706
28.3857
28.6017
28.8699
28.6765
28.7026
28.7789
28.5755
28.9263
28.3546
28.706
28.9312
28.3532
28.8097
28.5523
28.8884
28.9139
28.8893
28.7286
28.4103
28.5464
28.8374
28.6482
28.4816
28.7815
28.888
28.3945
28.5132
28.4858
28.6589
28.3577
28.9281
28.6171
28.4798
28.7706
28.0514
28.7611
28.8308
28.5543
28.9618
28.8417
28.7994
28.8158
28.8195
28.8725
28.7089
28.8472
28.7482
28.74
29.0238
28.8189
28.8709
28.8706
28.7396
29.0419
28.5303
29.0503
28.6949
29.0366
28.5296
29.1895
29.0583
28.6819
28.6496
28.6755
28.9252
28.6886
28.7648
28.6026
28.777
28.2496
28.9524
29.0202
28.8987
28.8193
28.5949
28.8452
29.0534
28.3484
28.9837
28.9658
28.4849
28.7212
28.6329
29.1144
29.1268
28.7951
28.6059
28.8242
28.6295
29.2018
28.6496
28.6623
29.0159
28.6299
28.977
28.8269
28.9106
28.9667
28.6787
29.0495
29.0492
28.7155
28.6533
28.5466
29.0002
28.9965
28.5314
28.5535
28.3913
29.0849
29.0631
28.8514
28.6546
29.0457
28.6874
28.7591
28.8438
29.0477
28.7171
28.5481
29.0233
29.1379
28.4245
28.6014
29.0716
28.3566
28.6859
28.4688
28.9873
28.9087
28.7564
28.8047
28.6276
28.8211
28.5801
28.7139
28.7432
28.4408
28.659
28.6117
28.8015
28.851
29.1839
29.1103
28.2822
28.733
28.4475
28.6902
28.8491
28.3847
28.9635
28.7884
28.996
28.3548
28.8012
28.6483
28.7138
28.7156
28.8137
28.7668
28.5999
28.9887
29.0617
28.6384
28.941
28.6544
28.537
28.6346
29.0069
28.9634
28.6837
28.9172
28.7633
28.9532
28.7428
29.1026
28.9825
28.2345
28.6826
28.796
28.7006
29.3293
28.6464
28.8047
28.7248
28.8341
28.8224
28.6565
28.7533
28.8833
28.7921
28.4725
28.71
28.8717
28.914
28.7311
28.8212
29.0046
28.9131
29.286
28.6936
28.9518
29.2577
28.3974
28.5855
28.968
28.669
28.8992
28.8076
28.9306
28.8066
29.1339
28.9209
29.0819
29.2859
28.9686
28.3099
29.0995
28.7534
29.0688
29.1474
28.8022
28.694
28.8366
28.739
28.7637
28.9445
28.6049
29.0318
28.8924
28.8221
28.384
28.621
29.2539
28.7583
29.0343
28.9517
28.6055
28.8101
28.9863
28.8978
28.8019
29.0552
28.9493
28.7238
28.8131
28.9756
28.7269
28.6815
28.4298
29.0686
28.6714
29.1858
28.7882
29.0367
29.2362
28.5121
28.6436
29.3091
28.8305
29.0975
28.4967
28.635
28.9931
29.1626
28.6991
28.872
29.1979
28.5821
28.6781
28.8424
29.1194
28.7644
28.6272
28.8275
28.7196
28.9721
28.4614
29.1152
29.1121
28.2786
28.9973
29.1075
29.0623
29.0423
28.8134
28.5896
28.8617
28.4742
28.6305
28.5812
28.3415
28.6346
28.6238
28.9018
28.774
28.575
28.6132
28.6448
28.249
28.9121
29.0835
28.7012
28.8625
28.8173
28.4615
28.6939
28.7027
28.7362
28.5563
28.9286
28.8995
28.5726
28.7932
28.6984
29.064
28.3888
28.7125
29.0115
28.7665
29.0101
28.5847
28.458
28.8619
28.587
28.6671
28.58
28.9092
28.9734
28.9475
28.8141
29.0253
28.7844
28.772
28.4285
28.6135
28.7787
28.7762
28.9648
28.3809
28.7011
28.7147
28.8613
28.8257
28.7574
28.561
29.1074
29.0292
28.6504
28.5304
28.5265
29.3722
28.7884
28.4908
29.1788
28.7334
28.8378
28.8672
28.8746
28.7204
29.1941
28.5763
28.7407
29.1378
28.4555
29.0425
29.1251
28.7942
29.0728
29.1995
28.7315
28.9033
28.7285
29.1609
28.163
28.7258
28.838
28.7057
29.1286
28.8487
28.5662
28.918
28.885
28.8985
28.6657
28.7195
28.6568
29.2298
29.0007
28.825
28.722
29.0599
29.1558
28.6975
28.9204
28.7939
28.7636
28.9531
29.1729
28.1708
28.4715
28.8316
29.2538
28.6825
29.1604
28.7362
28.6385
28.5626
28.7162
29.0543
29.0594
28.5421
28.8348
28.8452
28.9747
28.9129
28.8182
28.4712
28.9379
28.6413
29.3329
29.074
28.9593
28.9603
28.898
29.3669
28.9155
29.2726
28.8786
28.8225
28.9678
28.8704
28.8307
29.1333
28.9249
29.1702
28.6694
29.3313
29.0634
28.7755
28.9863
28.8185
28.9866
29.1604
28.4581
28.9143
28.8515
28.7362
29.057
29.009
28.4809
29.1614
28.3266
29.1065
28.7046
29.0074
28.5288
29.0899
29.0814
29.0562
28.8779
28.9388
29.0249
28.8122
29.0927
29.2732
28.8344
29.0363
28.8437
29.0713
28.9856
28.811
29.1261
28.9218
28.8704
28.7894
28.71
28.3503
28.9979
28.9483
28.8679
28.9277
28.8515
28.7702
28.3873
29.0355
29.3785
29.0561
29.1406
28.8008
28.9578
28.7705
28.6234
28.92
28.5065
29.1972
28.8579
28.6167
28.9993
28.625
28.8735
29.0653
28.7613
28.7899
28.5233
28.9893
28.4608
28.6595
28.7991
28.7537
28.4317
28.7845
28.9092
28.7429
28.8739
28.9408
28.9863
29.1522
28.3922
28.6222
29.0087
28.9699
28.8198
28.7523
28.9684
29.2504
29.3436
29.2443
29.3501
28.946
29.2627
29.1313
29.0434
29.0353
28.896
29.4487
28.7907
29.1979
28.8883
28.7147
28.9565
29.107
28.6464
28.7611
28.9573
28.6289
28.8845
29.2641
29.155
28.7229
28.5877
28.8694
28.7176
28.485
28.377
28.9804
28.8162
28.8682
28.5212
28.3865
29.2159
28.817
28.9712
28.7029
28.8481
28.8472
28.7433
28.5004
28.6544
28.6508
29.1606
28.5886
28.3772
28.976
28.7112
28.9114
28.9047
28.6133
28.7911
28.7089
29.02
28.9407
28.8614
29.1201
29.0753
28.7736
28.8676
29.2108
28.7903
29.1315
28.7996
28.7595
28.9755
29.3358
29.2851
29.1454
29.086
29.1232
29.049
29.0234
28.8419
28.7408
29.0589
29.1083
29.1869
29.3155
28.5023
28.4892
28.8242
29.1689
29.2779
28.6405
28.7188
28.2952
28.9399
28.8156
28.5506
28.6826
28.1942
28.4646
29.1628
28.9459
28.7022
29.071
28.8039
28.9495
28.653
28.4886
28.8518
28.8792
29.313
28.5834
28.3435
28.5549
28.7595
28.8213
28.8684
28.733
28.7356
28.7697
28.5662
28.749
28.4857
29.0583
28.8041
28.6233
28.8814
28.9517
28.5783
29.0372
28.7464
28.8413
28.6266
28.3812
28.8355
28.471
28.8129
28.3574
28.2157
28.8263
28.8644
28.9562
28.8465
28.7707
28.7529
28.6502
28.8555
28.8327
28.9035
28.9183
29.0047
28.961
29.1514
28.7106
28.9614
28.812
29.0271
28.8171
28.6473
29.1246
29.1467
28.9913
29.0743
29.0969
29.082
28.7459
28.7632
28.5528
28.9046
28.9472
28.7492
28.9522
28.6959
29.0105
28.9972
28.7511
28.9873
28.962
28.9487
28.7698
28.8906
28.6899
28.3768
28.988
28.5826
28.6543
29.0719
28.6856
29.1575
28.8425
29.1386
28.7557
28.743
28.6423
28.8017
28.7488
28.4637
28.7322
28.98
29.0525
28.808
29.0661
29.2339
28.8914
28.8423
28.6635
29.0192
28.976
28.6415
29.0103
28.7676
28.8804
29.1059
29.158
28.7903
29.1272
29.2436
29.011
28.8374
29.1601
28.7991
29.0668
28.8404
28.8316
29.0616
29.2547
28.796
28.4517
29.1447
28.5935
29.1981
28.8884
29.0789
28.574
28.7276
28.6907
28.5719
29.014
28.7961
28.4987
28.5702
28.2891
28.5435
28.508
28.6654
28.4257
29.0888
28.355
28.6727
28.8579
28.0745
28.8211
28.8531
28.6842
28.4879
28.7359
28.6674
28.7534
28.921
28.8433
28.7267
29.0863
28.5625
29.1082
28.7948
29.1491
29.0697
28.7726
28.5303
28.8011
28.5389
29.0804
29.0633
28.7852
28.8707
28.3594
28.9039
28.4621
28.5889
28.9668
28.7428
28.6939
28.7874
28.769
28.3959
28.6761
28.7847
28.2865
28.6262
28.314
29.194
28.913
28.4309
28.5991
28.7592
29.0147
28.5685
28.7468
28.874
28.9464
28.7279
28.6195
28.441
29.1152
28.915
28.5295
28.646
28.36
29.0213
28.5562
28.565
28.6114
28.7756
28.3856
28.7837
28.7575
28.6636
28.8241
28.7173
28.6239
28.7689
28.7258
28.7571
28.9366
28.6166
29.0239
28.7629
28.8484
29.2169
28.8301
28.6337
29.1314
28.5876
28.7694
29.1361
29.0111
29.2669
28.8344
28.573
28.8121
28.4709
29.1454
29.1953
28.7103
28.5573
29.0955
28.9964
28.5214
28.557
28.6857
28.519
28.89
28.753
29.0002
28.8861
28.7285
29.0195
28.9711
28.631
28.606
28.3026
28.6239
28.6486
29.0318
28.9898
29.1987
28.4935
28.7736
28.5788
28.4742
29.1083
28.8422
28.6029
28.8431
28.8361
28.902
28.9612
28.769
28.5413
28.7528
28.8378
28.985
28.4582
28.9666
28.9654
28.8147
28.4114
29.155
29.0019
28.7307
28.5429
28.812
28.6549
29.2514
28.4
29.2151
28.9098
28.7062
28.5903
28.3934
28.7798
28.9282
28.7209
28.6874
28.6297
28.4042
29.3043
28.4993
28.4551
29.0757
28.4615
28.8387
28.9549
28.3326
29.0935
28.5091
29.1617
28.7752
29.1319
28.799
28.9778
28.7798
28.383
29.0761
28.6367
28.8114
28.6366
28.7448
28.5427
28.5951
28.7843
28.8434
28.4935
28.9402
28.8229
28.7329
28.7668
28.8145
29.0261
28.8497
29.5516
28.971
28.8366
28.255
28.4985
28.5479
29.0599
28.9499
28.8069
28.769
28.3915
29.086
28.497
28.5486
28.6461
29.1491
28.9781
28.5976
28.9611
28.4742
28.2735
29.3395
28.6795
28.7779
