13.0426
13.2953
13.1325
12.5427
12.9894
12.7998
13.1114
13.0278
13.2682
12.6787
12.8016
13.099
12.9546
12.4967
12.7325
12.9504
12.9091
12.8305
12.8631
12.9188
13.2448
13.1604
12.8213
12.5708
12.8352
13.2304
13.4133
12.6303
12.6804
13.2274
12.8146
12.8245
12.8781
13.2092
13.0897
13.131
12.3354
12.9716
13.205
13.1802
13.1022
12.9276
12.6
12.9139
13.0703
13.1065
12.7554
13.2599
12.9009
12.9845
12.8409
13.4933
13.0293
13.0627
12.7307
12.6814
12.9698
12.7995
12.7313
12.7336
13.2178
13.1004
12.9806
13.1061
12.7813
13.2741
12.6942
12.5098
13.0151
13.2222
12.9861
12.9195
12.9778
12.994
13.0238
12.6191
13
13.0239
12.9396
12.9485
12.5691
13.3734
12.9669
13.2125
12.8748
12.8447
12.8084
12.7268
12.678
13.0903
12.9324
13.143
13.0893
13.043
12.9774
13.1151
13.0325
13.1292
12.7342
12.6384
12.9913
12.6479
12.5812
13.2594
12.5599
12.9736
12.9252
12.465
12.8252
12.6747
12.479
12.7354
13.2738
13.1141
12.6923
12.5325
13.0861
13.103
13.0937
13.1118
13.1634
12.9805
12.6945
12.6784
12.9184
13.0914
13.0015
12.935
13.24
12.9024
12.8145
12.8899
12.9053
12.9923
12.7844
12.6548
12.4655
12.6507
12.7444
12.5847
13.095
12.5296
12.9795
12.7225
12.7596
13.2403
12.8539
12.9748
13.073
12.9882
13.0444
12.8749
12.9093
12.8974
12.8112
12.8034
12.7115
12.5167
13.4793
13.1434
13.1186
13.2
12.6668
12.934
13.0794
12.5586
12.6756
12.9843
12.4053
12.5702
13.1012
12.7769
12.9321
12.6433
12.7986
12.889
12.5747
12.81
12.596
12.8772
12.8524
12.8859
12.7512
13.03
12.558
13.097
12.4091
13.0809
12.5242
12.9697
13.0798
13.0243
13.3359
12.7769
12.5752
13.008
13.1222
12.6198
12.8646
12.8145
12.9978
12.7072
12.9162
12.9777
12.5625
12.6849
13.0865
13.0035
13.2477
12.5717
12.9904
12.832
12.442
13.0759
12.7981
12.8211
13.0442
12.8902
13.1328
13.1368
13.1802
12.373
12.6219
12.7852
13.1388
12.8037
13.0195
13.0506
13.0548
13.083
12.7254
12.8527
12.9252
12.791
12.8102
12.7396
12.8857
12.9786
12.8912
12.7524
12.8531
13.2767
13.3456
13.0651
12.822
12.9388
12.5171
12.8898
12.4971
12.7133
12.6608
12.4571
12.8388
12.8497
12.8067
12.8343
12.9821
12.9167
12.9735
13.504
12.9084
12.834
13.1847
12.9672
12.4978
12.5477
12.6006
13.145
13.0505
12.9444
12.6186
13.0766
12.8442
13.4775
12.6325
12.8463
13.052
12.4574
12.9191
12.8822
12.3918
12.82
12.7883
12.8863
12.8309
12.9322
12.8887
12.8458
12.9916
13.0991
12.681
12.9075
13.0076
12.6117
12.883
12.7896
12.7872
12.5931
12.7298
12.9217
12.6114
12.7747
12.8524
13.2556
12.7358
12.8427
13.3058
13.1677
12.7345
12.7665
12.6363
12.8281
13.0376
12.963
13.0908
12.6213
12.6633
12.9607
13.0428
12.8981
12.6687
13.1494
12.612
13.0781
13.087
12.8845
12.8853
12.7745
13.0643
13.0681
12.7391
12.6432
13.1593
12.8048
12.6419
12.6776
12.693
12.8391
13.4286
13.2455
12.8129
12.8687
13.0731
12.614
12.8435
12.9066
12.8433
12.8663
12.7885
12.9248
13.0651
13.3852
13.3463
12.6755
13.3782
12.9688
12.7372
12.6563
13.359
13.2231
12.5692
13.116
12.6253
12.9904
13.0623
12.941
12.5893
12.9006
13.136
13.1562
12.9638
12.6348
12.9741
12.7758
13.321
13.1962
12.8061
13.1077
12.7497
12.8589
12.7705
12.7021
12.9643
12.8075
12.5059
12.8742
12.6034
12.9057
12.9452
12.6423
12.7237
12.6516
12.7444
13.0474
12.4636
12.5392
12.897
12.8816
13.1771
12.9281
12.583
13.2411
12.9701
12.6756
13.1678
12.7208
12.7883
12.814
13.1769
12.8035
12.5334
12.6397
12.5808
12.7867
12.8118
12.8888
13.1628
12.7323
12.959
13.0031
12.7611
12.7874
13.144
12.7352
12.6625
12.7848
12.7231
13.0166
12.5263
13.0111
13.1564
12.8243
12.5959
13.0582
13.0759
12.6578
12.6192
12.8699
13.0784
13.1061
12.8109
12.7591
12.7958
12.8447
12.8349
12.9618
12.5559
12.7517
12.5662
12.9619
12.9943
12.9582
13.059
12.9321
12.8473
12.7834
12.7711
13.157
12.7242
12.5869
13.0831
12.861
13.1094
12.6961
12.813
12.7674
13.0324
12.9926
12.7951
12.8765
12.3713
12.4403
12.6131
12.6489
12.6823
12.8572
12.9617
12.855
12.8234
12.4717
12.7273
12.4786
12.6279
12.9892
12.8461
12.4036
12.8723
12.9066
13.3583
12.5135
12.4001
12.9676
13.0992
12.8766
13.2643
12.764
12.6423
12.5235
12.8083
12.3556
12.7744
13.3347
12.9385
12.5424
12.3072
13.018
12.8604
12.7836
13.1488
12.917
13.2745
13.0135
12.7509
13.3112
13.1912
12.7253
12.9556
12.8301
12.928
12.6362
12.6846
12.8986
12.598
12.9659
12.8335
13.0289
12.6553
12.9791
12.7671
13.1655
12.5299
12.7752
12.6207
13.0634
12.6047
12.3278
12.7026
12.6029
12.9914
13.5198
12.9896
12.8099
12.8252
13.125
12.9957
13.0305
13.0352
12.8238
12.7339
12.7351
12.6558
12.5074
13.0715
12.8111
13.3586
12.9612
12.8099
12.8394
13.2247
12.8601
12.3479
13.1311
13.0087
13.1082
12.9486
12.5116
12.8208
12.815
12.7531
13.101
12.2068
13.1556
13.3174
12.5626
12.7945
12.9204
13.2468
13.2808
12.6649
12.8624
13.3412
13.7385
13.0448
13.1329
12.8084
12.8298
13.398
13.185
12.8051
12.9653
12.9491
12.9782
13.1262
13.0192
13.1638
13.4671
12.9046
13.2145
12.9727
12.9307
12.6694
12.9055
12.6258
13.4007
12.9288
13.1195
13.071
12.8729
13.0598
12.7719
12.8134
12.6986
13.0812
12.9618
13.0847
12.573
13.1399
13.2648
12.4378
12.7924
12.9891
13.1765
13.1817
13.3319
12.8624
13.162
13.1382
13.2378
12.5291
13.2751
12.7831
13.1584
12.9879
12.6384
13.1072
12.8702
12.8425
12.8938
13.0675
13.1327
12.9518
12.9668
13.1622
13.09
13.0396
13.1906
13.3713
13.1599
12.7084
13.181
12.9776
13.2351
12.8627
12.508
13.3499
13.0243
12.8527
12.821
13.2264
12.8811
12.9692
12.6946
13.1379
13.0404
13.5847
12.8199
12.4087
13.0925
12.8399
13.113
12.7628
12.9979
13.1046
13.1398
12.7331
12.9514
12.9672
12.7828
12.9736
13.1434
13.0724
12.7763
12.9248
13.1137
12.9223
12.5679
12.8688
12.9033
12.602
12.5452
12.9107
12.689
12.8656
12.6731
13.0582
13.0537
13.05
12.8919
12.6583
12.6569
12.7504
12.5621
12.804
12.9946
12.5139
12.9594
13.1071
12.89
12.6715
12.446
12.4409
12.65
12.9126
12.9288
12.9224
13.1535
12.8237
12.7048
12.7505
12.5488
12.8749
12.704
12.8316
12.9536
12.8605
13.1151
12.9936
12.8616
12.7145
12.9877
13.0991
12.5178
12.6501
12.857
12.8034
12.6959
12.3556
12.785
12.9572
13.052
13.048
12.8337
12.5921
13.1191
12.6724
12.8143
12.7349
12.6642
13.0259
12.7412
12.4956
12.9709
12.9951
12.7264
13.2089
12.6371
12.8419
12.9405
12.8222
12.9369
13.1775
12.8862
12.9911
12.937
13.3289
12.7897
12.7114
13.1175
12.8586
12.6123
13.4201
13.3385
13.1526
13.0809
12.8519
13.0495
12.7136
13.1825
13.331
13.1568
13.0572
12.7505
12.9019
12.6792
12.9743
12.7159
13.4663
13.1156
12.6934
12.9807
12.967
12.56
13.2733
12.7242
13.0937
12.8403
13.1083
12.504
12.5882
12.6917
13.1758
12.9231
13.0525
13.0332
13.1785
13.3516
13.2231
13.0469
12.9512
12.9901
12.7568
12.4697
12.886
12.6697
13.2945
13.0463
12.7999
12.9043
12.9279
13.5405
12.5754
12.92
12.9068
13.0812
13.0815
12.858
12.8893
12.8583
12.9296
13.0508
13.4007
12.7359
13.1189
13.239
12.825
12.7789
12.6428
12.9482
13.0411
12.973
13.0281
12.5138
13.1874
12.9281
12.8591
13.1116
12.9863
12.858
13.055
12.8673
13.1479
13.0082
12.9844
12.9249
12.8174
12.9354
13.3496
13.1042
13.4633
13.4815
13.0043
13.2397
13.0241
12.8774
13.1645
13.0261
12.9594
13.1367
12.9263
13.0513
12.9431
12.7616
13.398
13.2311
13.3269
13.4727
12.8115
13.1661
13.0393
13.4313
12.6276
12.9813
13.1696
13.0907
13.5724
12.8392
12.8099
13.3195
13.2931
12.7964
13.1041
12.6265
13.1553
13.1556
13.0615
13.1
13.5194
13.5929
13.0219
13.4386
13.2489
13.4596
13.1732
12.8892
13.2966
13.3059
13.351
12.9393
13.2843
13.2886
13.1359
13.3159
13.113
12.5958
12.7873
13.0465
13.1609
13.4051
13.108
13.114
13.2846
13.0262
13.0118
13.0523
13.3648
13.0157
12.6701
13.1003
12.936
12.8416
13.0384
12.7095
12.8344
13.0171
13.0175
13.2691
13.2654
13.262
12.9999
13.3859
12.8127
13.172
12.9079
13.0212
13.0088
12.7678
12.9993
12.9567
12.7619
12.6289
13.0825
12.8337
12.7023
12.6092
12.4401
12.7963
12.8247
12.8529
12.8877
13.0021
12.5984
12.6997
12.7374
12.4848
12.668
13.1482
12.5664
12.6256
13.0127
12.3183
12.883
12.2719
12.9436
12.7542
12.7127
12.669
12.7942
12.7372
12.4862
12.6109
12.8889
12.7415
13.0407
12.8125
12.6129
12.7226
12.7615
12.7347
12.6537
12.3081
12.8964
12.991
12.3216
12.796
13.1319
12.6299
12.8077
12.5176
12.7954
13.0052
12.7756
12.7186
13.152
13.1622
12.8021
12.846
12.8367
12.8442
12.9147
12.8947
12.6236
13.2586
12.4944
12.7456
12.9002
12.5287
13.2332
12.1732
12.6008
12.8832
12.6694
12.8683
12.4348
12.7356
12.9532
12.5865
12.6511
12.6634
12.5387
12.632
12.8208
12.692
12.8866
12.673
12.703
13.1117
13.0611
13.2229
13.1339
12.682
12.8582
13.1831
12.9929
12.9437
13.135
13.005
12.7466
12.4857
13.1985
12.81
13.1154
12.8671
13.078
13.2713
12.6398
13.1707
13.1567
13.001
12.8114
12.9978
13.0057
12.7303
12.6624
13.327
12.9155
12.6662
12.9599
12.6848
12.8856
12.9251
13.1277
13.1261
12.8719
12.8414
12.7019
13.0306
12.876
12.7577
12.7487
12.4175
12.7682
13.0408
12.7526
13.0772
12.572
12.6348
12.763
12.872
12.7559
12.824
13.0312
13.087
13.0376
12.6756
12.4427
12.9092
13.3644
13.0057
12.8563
12.5988
12.982
12.9043
12.8223
12.8062
13.1765
12.6958
13.0051
12.9824
12.6611
12.854
12.9652
12.6418
13.1261
12.725
12.7818
13.072
12.9398
12.9912
12.8273
12.7788
12.6492
13.0017
12.9002
13.1268
12.6851
13.0145
12.5989
13.1887
13.3645
13.1826
12.5251
12.8249
12.9815
13.2631
12.7489
12.9993
12.7724
13.0592
13.0127
12.3546
13.3409
13.0281
12.9138
12.688
13.1069
12.9693
13.0075
12.8888
13.057
12.7967
12.8932
12.9556
13.0958
12.7301
13.0869
12.7738
12.418
13.4578
12.9989
13.03
13.067
12.533
12.829
13.4176
12.7803
12.4357
13.155
12.7715
12.7032
13.0994
13.203
12.9386
12.8206
12.7072
12.6617
13.0604
12.837
13.0663
12.9099
12.9993
13.1097
13.0415
13.1595
12.887
13.0899
12.3784
13.0887
13.104
12.8492
12.5334
12.5919
12.8843
12.7834
12.9401
13.1689
12.7581
12.8078
12.7581
12.7463
12.6733
12.8171
13.2553
12.9538
13.3505
12.9011
13.0872
12.6018
12.9893
12.9287
12.7133
12.9812
13.0088
12.7812
12.8321
13.1561
12.7746
12.9562
12.8054
13.0239
12.9793
13.1651
13.0993
13.0865
13.0854
12.8199
12.8759
13.2181
13.1917
12.8002
13.011
13.0968
13.188
12.631
12.9555
12.9058
12.9733
13.1122
12.8689
13.0755
12.6094
13.3154
13.0317
12.8317
13.0875
12.8951
12.643
13.0858
12.8432
12.4885
12.9456
12.4897
12.6649
12.8652
12.6756
13.0134
13.1776
12.7819
12.8625
13.0546
13.1645
13.1107
12.8647
12.9229
12.9658
12.8986
12.7881
12.8473
12.9505
12.8279
13.0035
13.0636
12.7225
13.1706
13.0096
12.5739
13.3526
12.4764
13.0854
12.8231
13.4684
12.982
12.917
12.7707
12.9891
12.8926
12.9402
12.9578
13.3314
13.206
12.8118
13.1946
13.102
12.8165
13.2961
12.9573
12.9713
13.4158
12.8071
12.7084
12.598
13.1893
13.0184
12.9933
13.0987
12.5176
12.6858
13.0272
13.0166
12.8227
12.9617
12.9617
12.987
13.0338
12.9573
13.3451
13.2563
13.0052
12.8921
12.7118
12.9765
13.2215
13.0003
13.0532
12.8605
12.5673
12.9246
13.1046
13.0718
13.1053
13.2068
13.0998
12.9118
13.0156
12.5284
13.0307
12.5942
12.6808
13.0178
12.9344
13.2855
13.1866
13.0883
12.9587
12.7135
12.9195
12.9627
12.7367
12.7039
13.2199
13.2858
12.9652
12.8991
12.6091
13.2569
12.7582
13.5107
12.574
12.9515
12.9091
12.9657
12.8732
13.0516
13.0265
12.7452
13.43
13.5298
12.8328
12.8087
13.1616
12.7145
13.1919
12.5066
12.9444
12.7201
13.2457
12.7433
12.5611
12.9456
12.9382
12.9965
13.3224
13.0414
12.6029
12.8085
13.0398
12.507
12.7599
13.106
12.8283
12.7689
12.5408
12.7186
12.3668
12.9114
12.6773
12.7755
13.0641
12.6043
12.8031
12.5363
13.2247
12.8614
13.1699
12.6237
12.6922
12.784
12.9439
12.5003
13.1963
13.2777
12.5561
12.9138
13.0432
12.886
12.4654
12.9567
13.123
13.0188
12.7751
12.7452
12.7275
13.0403
12.7997
12.6515
12.8236
12.8995
12.6631
12.6379
12.7533
13.0946
12.5788
12.9124
13.1967
13.0131
12.8406
13.1893
12.7679
13.0825
12.7032
13.1394
12.7445
12.7237
13.0163
12.6035
13.0975
12.3393
13.1848
12.4494
12.6353
12.7197
12.7318
12.812
12.8728
12.8533
12.9362
13.0731
13.1221
13.0957
12.9161
12.6317
12.907
13.0096
12.8999
12.6326
13.0777
12.9687
12.8801
12.6078
13.2895
12.9306
12.7138
13.2755
12.8667
13.2214
12.8969
12.633
13.1488
13.1417
12.9336
13.5409
12.8635
13.2512
13.0496
12.7412
12.8583
13.4941
13.0961
12.969
13.0808
12.9099
13.4375
12.9747
12.9235
12.8756
13.0892
13.0346
12.9316
12.861
13.278
12.8841
12.6874
13.0668
13.0973
13.1314
13.1588
13.1954
12.9243
13.0056
13.3055
12.6494
13.1398
12.7856
12.943
12.9979
13.0331
13.1596
12.8298
12.4847
13.0881
12.4714
13.2517
13.0403
13.2011
12.8727
12.6985
12.7264
12.9913
12.9681
12.9565
13.4144
12.7483
12.9487
13.0176
12.9146
13.1839
12.8341
12.9825
12.7526
12.8895
13.3026
12.81
12.6903
13.1897
13.5225
12.9655
13.0623
12.5708
12.543
13.0178
13.0501
12.9149
13.0403
13.2594
13.1537
12.3183
13.2217
12.9818
12.6569
13.0231
13.2391
12.7776
13.0348
12.8315
12.9965
12.7651
12.7556
13.0485
13.0664
12.898
12.7234
13.0519
13.0051
12.5154
12.7223
12.9273
12.888
12.7346
13.3776
12.7376
12.8887
12.9494
13.2589
12.8075
13.1031
12.8585
13.1166
12.2702
12.814
12.7612
12.9221
13.0382
12.9645
12.8127
12.9881
12.892
12.988
13.0853
12.9624
13.2194
12.7395
12.9201
12.7095
13.094
13.2165
12.9053
12.9551
13.3518
12.69
12.7472
12.7552
12.5912
13.0985
13.1862
12.9733
12.9356
12.4739
12.6697
12.9742
12.59
12.9255
13.1839
12.981
12.903
12.8206
12.6662
12.4859
13.2992
13.2573
12.7746
12.63
12.9817
12.7627
12.5486
13.2698
12.7279
12.624
12.2359
12.7697
12.3616
12.8071
12.7736
12.8807
13.0615
12.7398
13.0686
12.6811
12.6793
12.6802
12.9813
12.7552
12.534
12.3963
12.7298
12.3629
12.4649
13.2911
12.5647
13.1361
13.1278
12.7859
13.0984
12.8891
12.9355
12.4822
12.5366
12.8106
12.7831
12.8612
13.0347
12.9981
12.6189
12.7338
12.7844
12.6489
12.78
12.9718
13.0486
13.1465
13.0542
12.5792
12.7467
12.6473
12.6244
12.9159
12.6696
12.663
12.567
12.4989
13.0034
12.5723
12.9019
12.8678
13.028
12.2756
13.1618
12.719
12.7901
12.7465
13.0332
12.7496
12.7534
12.3338
13.0782
12.3946
12.7405
12.6361
12.6564
12.4137
13.2034
12.5663
12.7334
13.1153
13.196
12.9016
12.8974
12.6269
12.2956
12.7671
12.6465
13.1711
13.1077
12.8572
13.0773
12.9196
13.024
12.7702
13.0971
12.8993
13.0754
13.0245
13.2134
12.8467
12.7977
12.8997
12.8184
12.7615
13.127
12.7296
13.146
13.0101
12.992
12.8297
12.9292
12.7011
13.0578
12.7112
12.8908
13.1368
13.0108
13.3962
12.9426
13.3236
12.7936
12.5201
13.1848
12.9116
13.134
13.0156
13.1199
12.9451
12.7391
12.8189
13.0221
13.219
12.9727
13.1687
13.0027
12.9496
12.922
12.9896
13.2422
12.8631
13.3947
12.7633
12.935
13.1482
13.2611
12.857
13.0454
13.0113
13.1993
12.8109
12.9388
12.9949
13.0206
13.2416
12.8155
12.9284
13.1042
12.8551
12.9641
13.0353
13.1252
12.7869
12.5067
12.7127
12.646
12.5843
12.8373
13.0289
13.1373
12.8615
12.7922
13.0417
12.8165
12.8729
12.9265
13.0593
13.0078
13.2921
12.6078
12.7478
12.7777
12.7974
12.5025
13.0025
13.0572
12.9664
12.7943
12.6406
13.0012
12.6771
12.742
12.5702
12.7233
12.5611
12.898
12.821
13.1351
13.2745
13.3712
13.0166
12.4159
12.978
12.8275
13.0678
12.7987
13.0378
12.8468
12.4604
12.7247
13.0915
13.055
12.8674
13.4225
12.828
12.8326
12.9085
12.9326
13.0389
12.4812
13.25
12.9614
12.6984
13.1116
12.8545
12.8468
12.5233
12.6882
13.1415
12.8706
13.0881
12.8024
12.6205
12.9678
13.2353
12.9619
12.7488
12.1875
12.6314
13.0203
12.7197
12.7848
12.7734
12.5916
12.7767
12.7818
13.329
13.2619
12.7548
12.6352
13.1285
12.9273
12.6051
12.8564
13.0158
12.8374
12.5932
13.2077
12.4183
12.8533
12.6588
12.7818
12.8151
12.5673
13.1003
13.0882
12.6763
13.1908
13.1629
12.8589
13.331
12.5444
12.6195
13.4824
12.8779
12.8919
12.9296
13.4045
12.8526
13.0613
12.8772
13.0805
12.9954
13.0422
12.7389
13.0087
12.8255
13.032
13.1651
12.837
12.7312
13.0802
12.6918
12.7299
12.8144
12.845
12.8247
12.7514
12.8826
12.8294
12.8449
12.5674
12.9878
12.8874
13.1356
12.6418
12.9846
12.9607
12.8973
12.8872
12.8312
12.859
12.8688
12.9113
12.5007
12.9419
13.0762
12.7894
12.8532
12.6302
12.872
13.023
12.8789
13.0228
13.158
12.9519
12.9938
13.0726
13.1711
12.9681
13.1406
13.3031
13.0094
12.6906
12.9751
13.0376
13.0733
12.6234
12.8172
12.983
12.7251
13.0688
12.8074
13.2922
13.0988
13.0537
12.5024
13.1526
12.8408
12.6711
12.5551
12.6906
12.9912
12.9835
13.4124
12.5249
13.2604
12.735
13.0093
12.7902
12.8123
13.0022
12.7096
13.0637
12.5064
12.8179
12.8099
12.8428
12.9603
12.8727
12.9041
12.8981
12.7976
13.0016
12.994
13.1003
12.7304
12.5973
13.2734
12.9777
12.8906
12.9221
12.9282
12.5227
12.8218
13.467
12.7402
13.0281
12.8496
13.1142
12.8923
12.8706
12.8084
12.7799
12.8769
12.9084
12.8255
12.9862
13.1768
12.8435
13.2188
13.3444
12.8422
13.3069
13.0449
13.0459
12.7963
13.1669
12.9554
13.0659
13.164
12.9366
13.0673
13.0024
12.7476
13.2158
13.0198
12.8764
13.0936
13.15
13.285
13.2358
13.1081
13.2877
13.0265
12.9031
13.0593
12.8554
12.7835
12.9708
13.6132
13.3494
12.8853
12.682
13.1418
12.9345
12.8036
13.0908
13.4633
12.8284
13.2257
13.0477
12.9317
13.1493
13.394
12.5369
12.8679
13.3517
13.0604
13.0654
12.6801
13.2487
12.5636
12.9002
13.2951
12.4646
13.4295
12.6994
13.351
13.1304
12.8214
12.9047
13.072
12.9459
13.2505
13.1189
12.8499
13.2066
13.0321
12.6046
12.6834
12.6244
12.836
13.2542
13.3099
13.1543
13.0485
12.7251
13.4971
13.0303
12.8862
12.8836
13.0014
13.1556
12.9589
13.2181
13.0421
13.0387
12.7886
12.6735
12.8986
12.7681
13.4424
12.9725
13.1954
13.1589
13.0224
12.6801
13.0103
13.0624
12.8393
12.9699
12.9995
12.9375
13.0828
13.3169
13.0213
12.6472
12.7519
13.184
13.3116
12.5866
13.1452
12.8559
13.1178
12.8152
13.0068
12.5798
13.4014
12.8734
12.776
12.9861
12.9871
13.3027
12.6063
12.9549
13.75
12.9193
13.0486
13.148
12.9077
12.9838
12.803
12.8679
13.5729
12.6513
12.9955
13.0454
12.8488
12.8597
12.9196
12.7647
13.1461
13.0963
13.0758
12.6764
12.5912
12.5412
12.6693
13.136
12.9681
12.8401
12.8002
12.8073
12.9211
13.1603
12.9447
12.8943
12.9679
12.8085
12.8857
12.5295
12.528
12.7325
12.3689
12.4215
12.8862
12.3861
12.5623
12.7693
13.1751
12.3892
12.4897
12.8398
12.8828
12.988
12.3974
13.2337
12.5913
13.2227
12.8655
12.4845
12.9954
12.6994
12.4909
12.5901
13.1434
12.5832
12.9192
12.508
12.7611
12.9059
12.3616
12.8271
12.5007
12.6202
12.1272
12.7571
12.6683
12.6542
13.0698
12.7404
12.9041
12.8159
12.9189
12.5101
12.6555
12.485
12.708
12.6968
13.3026
12.7616
12.68
12.837
12.972
12.8105
12.5101
12.4911
12.6783
12.6207
12.7176
12.8097
12.8932
12.5424
12.6509
12.6473
12.8464
12.5698
13.139
12.7829
12.615
12.4384
13.219
12.6385
12.6249
12.7818
12.775
12.988
12.5846
12.8531
12.8592
12.8407
13.2423
12.949
12.835
12.5636
12.772
12.3048
12.5938
12.485
12.7858
12.6251
12.9844
12.756
12.3538
12.7124
12.8124
13.5729
13.469
12.7612
12.7598
13
12.9701
13.2834
12.8971
12.5333
13.2119
12.861
12.6675
13.041
12.7529
12.8416
13.0891
13.1686
12.7161
12.7021
12.7331
12.7333
13.1542
12.8527
12.9056
12.8694
12.6029
12.9803
12.8033
12.7561
12.9453
12.9766
12.6683
13.2658
12.3885
12.7631
12.8489
13.1821
13.036
13.0352
12.8056
13.0662
13.2351
13.0844
12.68
12.727
12.763
12.7453
12.6055
13.0207
12.8202
12.6764
12.8309
12.4511
12.6129
12.9754
12.9593
12.9746
13.0303
12.8497
12.3944
12.8845
12.6172
12.8185
12.6679
12.5689
12.7482
12.7384
13.1345
12.3516
12.5642
12.6547
12.855
12.7099
13.0606
13.0017
12.9148
12.8709
12.6322
12.4454
13.091
12.9142
13.0566
12.6719
12.7603
12.8721
12.745
12.52
12.6518
12.7999
12.7384
12.7309
12.9368
12.8761
12.9991
13.1751
13.0641
12.9874
12.3922
12.9001
12.757
13.1181
12.872
12.8695
12.8487
13.1917
13.1077
12.8441
12.5354
12.5762
12.7611
12.8007
12.8672
12.6244
12.8709
12.6283
12.8723
12.6453
12.5611
12.9242
12.379
12.587
12.5811
12.7709
12.4316
12.6139
12.6055
12.5814
12.4682
13.4175
12.8488
12.4145
12.6121
12.5382
12.9082
13.1947
12.9666
12.957
12.7453
12.7369
12.7065
12.837
12.7644
13.154
12.8391
13.1233
12.79
12.6627
12.8463
12.4893
12.8247
13.038
12.5068
12.7834
12.6633
12.8454
12.8588
12.7482
12.5408
12.6062
12.9481
13.0455
12.6602
12.4983
12.5036
12.7935
12.411
12.7902
13.0235
13.258
12.504
12.9209
12.5536
12.707
12.5515
12.4854
13.0223
12.4839
12.8674
13.1445
12.8549
13.0132
12.7528
12.9912
12.4611
12.9963
12.7689
13.2858
13.0409
12.9799
12.9021
12.7658
12.548
12.7623
12.8175
12.6072
12.7175
13.3371
12.6139
12.5803
12.9779
12.7963
13.0032
12.8336
12.804
12.9733
12.8154
13.0298
12.6471
13.1755
12.5975
12.99
12.9899
12.6685
13.2249
12.7795
12.9612
12.9099
13.0026
12.6743
13.1433
13.28
12.39
13.2437
12.422
13.0807
13.2969
13.0058
12.6618
12.6257
12.8851
12.6665
13.0844
12.9546
13.0223
13.0956
12.589
12.8233
13.0411
12.8795
12.9924
12.8671
13.3274
13.3177
13.0357
12.9866
13.554
12.7505
13.1899
13.0091
13.2586
12.7269
12.7407
12.9925
12.8637
12.9879
13.2281
13.1795
12.8649
12.9056
12.6637
13.1041
12.8551
12.8742
13.3446
13.089
13.1645
12.852
12.9195
12.7518
12.7916
12.8881
12.8515
12.779
13.1771
12.7343
13.0874
12.9895
13.3776
13.1584
13.3263
12.7992
12.7908
12.8412
13.2523
13.0823
13.0389
13.2163
13.0566
13.0292
13.277
12.9261
13.2164
12.8728
12.701
13.1025
13.1835
12.7592
12.7692
13.0065
12.9156
13.204
13.2856
12.8844
12.8138
12.7436
12.72
12.5991
12.8968
13.4232
13.0679
13.2246
13.2314
13.0667
13.196
13.6434
12.7866
12.7381
12.7659
12.9541
12.8252
12.6394
12.6513
12.5936
13.034
13.0739
12.7543
13.3326
13.1861
12.5834
12.9837
13.0736
12.8475
13.3612
12.536
13.3038
13.2777
13.3165
12.8463
12.5477
13.1399
12.758
12.8843
12.6863
13.206
13.605
12.938
12.9446
12.3928
13.2397
13.3051
12.8808
13.583
12.8382
12.9919
13.167
13.0401
12.8738
12.933
13.0365
13.2133
12.9657
12.9938
12.6308
12.7561
12.7922
12.9931
13.0574
13.0215
13.1722
12.5786
12.7811
12.5021
13.0191
12.9924
13.1125
12.9073
13.2141
12.807
13.0612
13.1774
12.9642
13.277
13.2529
12.723
13.2257
12.9697
13.1238
13.2872
12.5053
12.8432
13.104
13.1036
12.9806
12.8962
12.5773
12.7207
12.8492
12.8257
12.8967
13.0734
12.3545
13.0256
12.865
13.3312
13.0746
12.5475
13.1821
12.8583
12.7561
12.963
12.7812
13.2436
12.8861
12.6454
13.0889
12.9606
13.0877
13.1208
12.9402
13.321
13.2202
12.9663
12.8328
12.802
13.0033
13.0811
13.3016
12.8407
13.0453
13.1174
13.183
12.7967
12.8339
13.147
12.8125
13.0046
12.9574
13.1913
13.0927
13.0454
12.6084
12.782
12.7778
13.2391
13.0964
12.6393
13.0271
13.1585
13.102
12.7019
13.1167
13.0226
12.7914
12.9771
12.8339
12.6756
12.7905
13.0005
13.2023
12.9328
12.9912
12.17
12.6438
12.9021
12.8171
12.9752
13.0717
13.0254
12.7704
13.0077
12.5248
12.8562
12.6636
12.5259
12.9202
12.8459
12.5131
12.7857
13.3087
12.8973
12.4843
12.8016
13.2815
12.5698
12.8148
12.906
12.6498
12.6295
13.0386
13.1059
12.5351
13.0413
13.1164
12.8382
12.915
12.6998
12.8345
12.8967
12.2259
13.21
13.0934
12.872
13.3086
12.5963
12.8201
12.9152
12.7364
13.1967
12.9744
12.6091
13.2114
12.9856
12.7418
12.9207
13.0189
13.1712
12.7598
12.75
13.1705
12.8684
12.9439
13.1134
12.9787
13.2673
12.8456
12.3359
12.7015
13.3505
12.9668
13.1245
13.1553
13.2202
13.0698
13.0486
13.0811
12.8295
13.1192
13.0981
12.8149
13.2429
12.8959
12.7028
12.9025
13.1751
12.6916
13.0665
12.7797
13.3978
12.9089
13.328
13.1954
13.2247
12.9792
13.1525
12.7263
13.1171
12.9753
12.8149
12.579
13.4898
13.2797
13.1021
13.0384
12.6434
13.031
12.5922
12.868
13.1902
12.6798
13.3322
13.2829
12.9383
12.7022
13.1302
13.6029
13.0888
12.908
13.0075
13.358
13.0687
13.0087
12.864
12.9236
13.1615
12.721
13.0314
12.9864
12.5556
12.6813
13.1258
12.7663
12.9283
12.5444
12.6722
13.075
12.9503
12.7563
13.2529
12.7534
12.8655
12.6229
13.0068
12.6605
13.1882
13.0551
13.0071
13.2011
13.1793
13.1953
13.2725
12.8659
13.1929
13.3857
12.4475
13.0444
12.9841
13.2736
12.7243
13.2855
12.8774
13.2275
13.022
12.7858
13.2966
12.6933
13.1446
12.9815
12.6471
12.9363
12.8695
13.3511
12.5955
12.5753
13.0998
12.8909
13.0303
13.18
12.5442
13.0524
12.8291
13.022
12.9134
13.0844
13.1577
12.7065
12.4535
13.0493
12.8584
12.9431
12.6159
12.9187
12.9365
12.7605
12.5271
12.4258
12.7992
12.6024
12.8958
13.0257
12.7394
12.7968
13.2569
12.7478
13.1135
12.8833
12.6632
12.6282
12.5017
12.8252
13.1061
13.0395
12.5222
12.8252
13.0325
12.6957
12.9899
13.1294
13.3732
12.8094
12.7971
12.6086
12.7486
13.3498
13.1404
13.2126
12.6768
12.7337
12.8263
13.1196
12.969
12.5691
12.8652
12.7775
12.6911
12.959
12.7363
12.9688
12.9918
12.9836
12.7885
12.8564
12.972
12.4721
12.4482
13.1066
12.6728
12.5818
13.0358
12.8552
12.9246
12.7611
13.2513
12.9603
12.9216
12.8511
12.9446
13.0124
12.5287
12.7958
13.0841
12.5602
12.7186
13.1222
12.9744
12.3861
13.1991
12.8987
13.1286
12.7545
12.8191
12.9799
12.6553
13.0443
12.7429
12.9268
12.5779
12.6427
12.9404
12.8411
13.1753
13.0456
12.7793
13.0233
12.8484
13.2712
12.8806
12.7315
12.5098
13.2106
13.1431
12.7187
12.724
12.7924
13.1859
12.3074
12.9216
12.6651
12.8369
12.8072
13.064
12.7487
12.9697
12.7664
12.7494
12.7101
12.6454
13.1557
12.8251
12.9868
12.8726
12.9176
12.8481
12.8702
12.851
12.4351
12.87
12.89
12.9579
13.292
12.7765
13.0103
12.6541
12.8232
13.408
12.5875
12.6982
12.7265
12.6615
12.6659
12.6008
12.5964
13.3868
12.718
12.792
12.5693
12.6979
13.2136
12.8776
12.7582
12.742
12.6798
12.7529
12.863
12.9554
13.0239
12.9287
12.8681
12.9902
12.8439
13.3165
12.9182
12.8397
12.6308
12.4204
12.8441
12.9012
13.0029
12.7887
12.4734
12.7223
13.1613
12.8925
12.9832
12.7699
13.4941
12.7475
12.8882
12.8426
12.7295
13.1451
12.7882
13.0314
12.8021
13.237
12.8009
12.9043
13.0229
13.0661
13.2072
12.8729
13.1001
12.9478
12.8326
13.3675
12.9618
12.8022
13.3043
12.9722
12.7804
13.1206
12.8446
12.9491
13.4023
13.059
12.8525
13.0382
12.9534
13.1704
13.0504
13.5577
13.0297
13.0032
12.9526
12.6449
12.845
13.0924
13.0632
13.0998
12.8104
12.9827
12.8351
12.7907
12.9471
13.043
13.3181
13.0929
12.6968
13.0542
12.9812
12.8595
12.8496
12.5168
13.1427
12.8069
12.9847
12.7344
12.737
12.8964
13.3896
12.8479
12.7026
12.8214
13.1419
12.9004
12.6499
12.6654
12.8463
12.4123
12.4874
13.0626
12.7754
13.1453
13.3039
12.7385
12.5768
12.9786
13.2066
12.4598
12.8501
12.4044
12.8516
12.9983
13.0236
13.0968
12.5628
12.9868
12.9193
12.8414
13.1142
12.7977
12.8683
12.8586
12.6866
12.8933
13.0356
12.7886
12.7911
12.8392
13.095
13.0729
13.0307
12.6496
12.5513
13.2532
12.9418
13.0429
12.626
12.7076
13.0749
13.1186
12.963
13.1553
13.1582
12.9641
12.9623
12.7024
12.8648
12.8413
12.7524
12.9229
12.4205
12.9134
12.8134
12.7003
12.9481
12.8679
12.8661
13.1152
12.9701
12.8417
12.7401
12.9344
12.8189
13.2679
12.8856
13.116
13.1075
12.9865
13.1362
12.9831
12.867
13.0413
12.5892
12.9918
12.9153
12.7293
12.9488
12.9444
13.1396
12.6551
12.9329
13.0539
13.3114
12.7647
12.9429
12.8144
12.9185
12.5994
13.0269
12.9791
12.8175
13.1537
12.5651
13.0132
12.9214
12.5828
13.0279
13.1371
12.7819
12.8104
12.7792
13.4865
13.047
12.7673
12.9589
12.706
12.5464
12.9185
12.8901
12.9406
12.7502
12.8645
13.0549
12.9236
13.0968
12.571
12.9069
13.039
13.1785
12.9073
13.1904
12.8019
12.5505
12.7357
12.7083
13.0141
12.6342
13.3855
12.5686
12.9615
13.2681
12.7356
13.0138
12.8742
13.0105
13.0943
12.5042
12.7324
13.0143
12.7812
12.9214
12.7208
12.7917
12.9668
12.7324
12.8505
12.9837
12.7675
12.8018
12.7932
13.1566
12.8353
12.9782
12.9188
13.1289
12.8144
12.8198
12.6824
12.7646
12.7356
12.6252
12.8136
12.5115
13.2332
13.1173
12.6924
12.9187
12.8803
12.7245
12.7187
12.9165
12.5214
13.0399
12.9707
12.7723
12.8111
12.678
12.7995
13.0099
12.7847
12.7887
12.5892
13.0489
12.869
12.8081
12.9201
12.6629
12.85
12.7722
12.6651
12.6996
13.1176
12.8125
12.4938
12.4853
13.1234
12.8011
13.0057
12.4879
12.8535
13.0634
13.1218
13.0365
12.7741
12.7019
12.6128
12.6077
12.8
12.385
12.8075
13.1556
12.5958
12.6244
12.6288
13.0606
12.7199
12.6715
13.0267
12.4874
13.0277
13.1425
12.8666
12.7252
12.6975
12.2481
12.5397
12.8533
12.8413
13.1291
13.026
12.7534
12.7705
12.6733
12.486
12.682
12.7412
13.1244
12.6224
12.9721
12.5819
12.5791
13.0306
12.5662
12.9668
12.751
13.0427
12.8963
12.6755
12.6712
12.9195
12.9586
12.6467
12.9198
12.6597
12.7846
12.5601
13.0613
12.7379
12.3814
12.7487
12.8072
12.6898
13.2101
12.7765
12.6791
12.0905
12.8497
13.2019
12.6792
12.8432
12.7359
12.7038
12.5759
12.8885
12.5484
13.1424
12.929
13.3824
13.1499
13.3089
13.3479
12.8699
12.8552
13.1679
12.6127
13.1947
13.0844
12.7655
13.2098
12.7322
12.865
13.1396
12.9352
12.6833
12.8807
12.376
12.9182
12.9165
12.7015
13.1862
12.7083
12.7193
12.5768
12.9203
12.92
13.1004
12.9442
12.963
13.0682
12.947
12.8265
12.726
12.7392
12.845
12.6022
13.1714
13.1101
12.84
12.7597
12.5753
13.0376
13.3434
12.8232
13.0755
12.9564
12.7378
12.6221
12.7054
13.1012
12.9737
12.6058
12.7843
13.1986
13.3211
12.623
12.9353
13.0551
12.9357
12.7408
12.7556
12.8818
12.9311
12.9193
13.6167
12.6941
13.0738
12.7922
12.9222
13.0604
13.1321
12.5441
13.0216
12.5553
13.1038
12.7337
12.8633
12.7721
12.8123
12.5374
13.1783
12.2333
12.9496
13.0551
13.1823
12.8427
12.4837
13.4034
12.613
12.657
12.8056
12.4878
12.822
12.8066
12.8393
12.8199
12.9578
12.9244
12.6621
12.8146
12.8857
12.4879
12.8091
12.8097
12.2908
12.9169
12.9646
12.6367
12.9185
13.0981
12.8189
12.9075
12.7035
12.7592
12.9143
12.5029
12.884
13.0671
13.1008
12.9308
12.5853
12.7513
13.0771
12.467
12.7627
13.1102
12.7147
12.4784
12.9306
12.663
12.8188
12.9101
12.796
12.555
12.8188
12.6647
12.5996
12.6282
12.4388
12.8698
13.2886
12.6798
12.3583
12.8337
12.7204
12.7664
12.6482
12.9251
12.5523
12.5509
12.9662
12.3573
12.7667
12.7073
12.8824
12.8543
12.8261
13.0936
12.9354
13.2921
13.1612
13.195
13.126
12.627
12.8943
12.8296
13.0965
13.2837
12.8132
13.3071
13.1068
13.1353
13.3097
12.9
13.1925
12.945
12.9056
13.1305
12.8196
13.4463
12.9025
12.9802
12.7587
13.4044
12.598
12.7727
13.0035
13.1109
13.2365
12.8498
13.2404
12.8579
13.3991
12.8369
13.295
13.1058
12.7424
12.7975
13.6393
13.1145
13.0618
12.6077
13.0202
13.2283
13.2865
13.2124
13.299
12.9787
13.1515
12.9158
12.9903
13.3634
12.9348
13.0619
12.8803
12.5792
12.8443
13.0033
12.9293
13.1731
12.609
12.857
13.1874
12.9742
13.4366
12.6018
12.9444
13.0773
13.0903
13.0021
13.0248
13.0703
13.0059
13.1995
12.9185
12.9333
12.6217
12.8233
13.1593
12.2659
13.4972
12.8586
12.9389
12.9474
13.0095
13.207
12.9273
13.1894
12.8961
12.8743
12.9682
12.6719
12.6085
13.1855
13.0622
13.319
13.2788
13.1299
13.1706
12.5308
13.093
12.7598
12.5445
12.9813
13.1539
12.8691
13.0867
13.119
12.8472
12.7311
13.1344
12.9873
13.1605
12.7809
12.8234
12.6079
13.1989
12.8296
12.343
12.8145
12.8349
12.6675
13.0419
12.8951
13.0429
12.9149
12.9225
12.7704
13.1794
12.9229
12.6907
12.7363
12.68
12.7953
12.6192
12.945
12.6782
13.2314
12.9636
13.0874
12.6808
13.0532
12.5663
12.7391
12.8639
12.7604
12.453
13.2808
12.9875
13.2838
12.5129
13.0794
13.0749
12.7505
13.2774
12.861
13.0941
13.1395
12.4242
12.9494
13.0191
12.9779
12.9173
13.379
12.7142
12.8999
12.6065
13.1629
13.194
12.9189
13.1041
12.7992
13.0182
13.0261
12.856
13.4627
12.7211
13.0279
12.8028
13.0039
13.0562
13.4668
12.9158
13.0086
12.9471
13.0564
12.6399
13.4538
13.1601
12.6369
13.2217
12.599
12.9985
13.1614
13.0895
12.8551
13.3268
12.905
12.562
13.2707
12.9526
13.1746
13.2107
13.0131
12.9287
13.192
13.1202
13.0626
13.2627
13.1748
13.23
12.9589
13.013
12.8475
12.9981
13.1485
12.6679
13.0947
12.9369
12.8858
12.858
13.3318
13.0304
12.62
12.7865
12.9002
12.9585
12.9137
12.8864
12.9029
13.2871
12.8439
12.8306
12.9873
13.2115
12.7179
13.1761
13.0213
13.2669
12.6391
12.889
12.7748
12.9499
12.9842
12.9207
12.9512
12.5476
13.2389
12.7055
12.9553
12.5727
12.5518
13.0262
13.1206
12.8548
12.8862
13.4211
13.0068
13.0611
12.6586
12.8204
13.1695
13.0659
12.6856
12.1961
12.5863
13.0766
13.0067
12.5559
12.8956
12.996
12.5444
13.0567
13.3072
12.7242
12.6471
12.7401
12.6439
13.1806
12.6997
12.7622
12.5638
12.8519
12.8034
12.892
12.857
13.2984
12.7668
13.0776
12.877
12.7184
12.8928
12.9841
13.1271
13.1686
12.9881
13.003
13.2338
12.6839
13.0142
12.9181
13.1849
13.1778
12.9934
13.0104
12.7825
13.3007
12.9778
12.9814
13.3596
13.1089
12.8191
13.0134
13.0079
13.1582
13.1176
12.7763
13.0948
13.0709
12.651
12.8946
12.4305
12.9066
13.1591
12.9506
13.3244
13.3095
12.656
13.0721
12.8581
12.8575
13.2862
12.6669
12.6415
12.891
12.5795
12.8928
13.0673
12.9958
12.6489
12.7195
12.793
12.9745
12.749
12.9676
13.0911
12.8468
12.6998
12.6184
12.5551
12.5678
12.8816
13.0642
12.3189
12.5184
12.9885
12.4096
12.6684
12.8187
12.8392
12.7072
12.8851
12.9089
12.6139
13.0047
12.6837
12.8502
12.6069
12.9092
12.7944
12.7413
12.697
12.7653
12.4522
13.0629
12.745
12.9905
12.9299
12.6216
12.7806
12.8093
12.9302
12.7064
12.6695
13.2352
12.4532
12.8352
12.9497
13.0321
12.4868
12.9096
12.8666
12.7725
13.0981
12.7039
13.0047
12.1335
12.6262
12.8253
12.7544
12.6277
12.6678
12.6863
12.6396
12.8804
12.7661
12.4474
12.8496
13.0538
12.9957
12.4126
12.8484
12.7615
13.1499
12.4543
12.6754
12.9055
12.955
12.8206
12.6469
12.3666
12.9234
12.8778
13.0418
12.7575
13.0049
13.0212
13.2827
13.2002
12.906
12.6436
12.5995
12.7998
12.8873
12.9713
13.0245
13.0026
13.0155
12.5491
13.0694
12.6976
12.9028
13.0433
12.9012
13.2226
12.7988
12.8986
12.8443
12.442
13.1315
13.0905
13.0941
12.9223
12.585
12.9131
13.0471
13.1421
13.0143
13.0514
12.6431
13.0239
12.8514
12.7796
13.2285
12.9268
12.7499
12.5393
12.7612
12.5924
12.8824
13.1086
13.0348
12.791
12.8602
12.3435
12.9244
12.8379
12.6672
12.5443
12.58
12.5881
12.8651
12.8344
13.0004
12.4587
12.6239
12.618
12.6714
12.4553
12.4599
12.8118
12.8062
12.4089
12.8315
12.8169
12.9744
12.9094
12.4559
12.8989
12.6053
12.723
12.9536
12.5676
12.9586
13.1437
12.6826
12.6216
12.979
12.6029
13.0287
13.1738
13.2316
13.2101
13.1059
12.8773
12.9212
12.9164
12.8465
12.9104
12.8282
13.1
12.9713
13.1538
13.0031
13.07
13.2016
13.2999
12.727
12.9541
12.7774
13.0995
12.9308
12.7599
12.7483
12.8668
12.8408
13.199
13.117
13.2477
13.2854
13.3045
13.3078
12.7951
13.0644
13.0624
12.6462
12.9253
13.1003
13.2041
12.9291
13.0568
13
12.7682
12.9299
13.0465
13.1447
12.9218
13.2596
12.346
12.9952
13.1545
12.9383
12.989
12.9377
12.8823
13.0929
12.8798
13.0873
13.0498
12.8312
12.7624
12.9173
13.1674
12.3843
13.2789
12.9036
13.1622
12.8018
13.2275
12.9949
13.2721
12.9529
13.2787
12.9235
13.2067
13.1809
13.3126
13.4369
13.0215
13.2772
12.998
12.8411
12.8927
13.6324
13.0381
13.2726
12.9529
13.0122
12.907
12.8979
12.9105
12.687
13.0774
13.1706
12.8482
12.915
13.1527
12.7812
12.9441
13.0261
13.171
13.0055
13.3775
13.1754
12.7577
13.0607
13.1043
12.7303
12.9867
13.1117
13.0635
13.0459
13.0074
12.8107
13.3053
13.0566
12.6371
13.1497
12.7592
12.6969
13.0523
13.0968
12.6151
12.4551
12.669
12.6844
12.9447
12.8265
12.4966
12.8274
12.8621
12.8838
12.8594
12.8457
13.0606
12.8838
12.8513
13.1028
12.914
12.8477
13.0756
13.0349
12.6593
12.8737
13.0823
12.9375
12.692
13.1244
12.8642
13.0689
12.8097
12.9421
12.527
12.7616
12.8984
12.4214
13.0543
12.8125
12.8673
12.5341
13.4877
13.0011
12.7385
13.1069
12.4769
13.1356
12.8113
13.0314
13.2289
12.9108
12.8912
12.9545
12.8491
13.2467
13.04
13.1197
12.8624
12.5974
12.8282
12.809
12.9282
13.3721
12.446
13.0147
13.4839
12.9063
13.479
13.1558
13.0948
13.1158
12.8379
13.0002
13.2872
13.1321
12.8574
12.8237
13.1186
12.728
12.6346
12.8621
12.9517
12.9583
13.0723
12.962
12.8953
13.1701
12.9819
12.6219
13.1454
12.6363
13.2103
13.1251
12.9998
13.0574
12.7362
12.9668
13.1696
13.0128
13.5053
12.9298
13.0275
12.4896
13.0115
12.8382
13.0329
13.421
12.8437
13.2053
12.3448
13.0915
13.3687
13.1756
12.8697
12.608
13.2375
13.0204
12.8111
13.1117
12.5207
12.7896
12.7037
12.5463
12.7948
12.2055
12.9026
13.185
13.0486
13.2642
12.6574
12.9991
13.3281
12.9338
13.0992
13.1952
13.3324
12.8548
12.8178
12.7451
12.8537
13.1416
13.281
12.8108
12.8111
12.7116
13.0062
13.1254
12.7874
13.2126
12.5992
12.9915
13.2162
12.7705
12.6618
12.9919
12.8351
12.9077
13.0946
13.1702
13.0184
13.0875
13.2355
12.6881
13.0171
12.6809
12.5963
13.2157
12.9875
13.2018
12.7944
13.1176
13.0829
13.0625
13.1679
12.9736
13.1498
13.0925
13.1394
13.1489
12.6282
12.9426
12.4814
13.3442
13.0732
13.0647
12.9722
12.318
12.9783
13.1233
12.6379
13.089
13.0929
13.3614
12.8274
13.2697
12.9121
13.0925
12.8814
12.8927
13.3053
12.9988
12.7135
13.068
12.8409
13.0308
12.7496
13.2705
13.2163
13.0924
13.359
12.4296
12.9234
13.2123
12.8624
13.1567
12.4236
13.0564
13.0674
13.1409
13.1833
12.8465
13.043
13.1896
13.031
13.2608
13.2033
12.9483
13.2058
12.5452
13.0582
12.9454
13.0354
13.2946
12.9735
13.1222
12.7441
12.8916
12.9152
12.9028
13.0742
12.9593
12.921
12.9033
12.5503
12.8017
12.8709
13.0544
13.0044
12.6889
12.8327
12.7707
13.0837
13.0323
13.1113
13.1434
12.931
12.9609
12.8999
12.4136
12.7477
12.9498
12.9515
12.6689
12.8702
12.8018
12.7589
12.5634
13.1488
12.5843
12.9093
12.8652
12.6836
13.0319
12.9163
12.4543
13.1259
12.8396
12.8636
12.6522
12.986
13.1348
12.6863
12.7803
12.7148
12.9369
12.7457
13.2246
12.8484
12.2538
13.0768
12.446
12.8696
12.6984
12.8099
12.9894
12.896
12.7857
12.928
12.6106
12.6266
12.7636
12.7575
12.635
12.4057
12.649
12.6996
13.1467
12.781
13.3127
12.8326
13.0608
12.7222
12.6417
12.7635
12.7752
12.7025
13.2906
12.4909
12.9649
13.0478
12.5918
12.7916
12.7676
12.6568
12.8334
12.9331
12.927
12.22
12.9507
12.4794
12.834
12.5639
12.9001
12.8033
12.8511
13.4136
12.8882
12.8729
13.0978
12.5375
12.8848
12.6666
12.8242
13.195
13.3787
13.0897
13.0755
13.123
12.8164
13.1535
12.9563
13.0573
13.0807
13.2713
13.2988
13.0925
13.1983
12.9351
12.7313
13.2512
12.8212
12.8291
12.9612
12.9529
12.9214
13.1255
12.9862
12.8554
12.6847
13.1369
12.7118
12.6328
12.908
12.945
12.8327
13.0533
12.5655
12.9678
13.0788
12.9017
12.846
12.6428
12.6377
12.8875
12.9191
12.9107
13.2319
12.9666
12.7849
13.0519
12.8545
12.7104
13.0426
12.7872
13.1189
13.0925
13.2704
13.0102
13.4213
13.1295
13.0791
12.7909
12.9845
12.9897
13.1939
13.3952
13.3273
12.8432
13.4207
13.3533
12.9406
13.1337
12.8764
12.5708
12.8664
13.2607
12.9613
12.9044
12.7661
12.5455
12.5062
12.4999
12.9516
13.259
12.6166
12.8115
12.8785
12.394
12.6794
12.7817
12.5634
12.9243
12.5283
13.1445
12.3602
12.9315
12.8085
12.7967
12.8132
12.6605
12.7636
12.9867
12.6716
12.9758
13.2061
12.7977
12.746
13.1821
13.1331
12.4554
12.5766
12.8804
12.5786
12.9274
12.6188
13.1784
12.4491
12.7755
12.7777
13.0918
12.8582
12.8696
12.9851
13.0965
13.1814
12.9457
13.3463
12.7998
13.0212
12.609
13.0022
12.9805
13.3232
12.9589
13.3294
12.8191
13.1023
13.0567
12.6811
13.0665
13.243
12.5674
13.0374
12.9151
12.7792
12.8001
13.573
12.9206
12.7943
12.7156
12.6426
12.8403
12.7821
12.5229
12.8781
12.6121
13.1864
12.8214
12.7207
12.6336
12.878
12.8983
13.1446
12.6986
12.6567
13.1462
12.6807
12.9417
12.5693
13.0453
12.7276
13.0701
13.0287
13.057
12.8403
13.227
12.9956
12.7642
12.9524
12.8268
12.7983
13.6029
12.9882
12.9556
12.73
12.9604
13.0735
12.7298
12.6813
12.8433
12.5991
12.9136
13.0471
13.282
12.8934
12.5397
12.8648
13.0973
12.5346
12.8426
12.6338
12.8233
12.8058
12.9979
12.9651
12.9229
12.8953
12.75
13.0433
12.6916
13.6329
13.176
13.0504
13.1145
12.9322
12.837
13.1156
13.1865
12.9508
12.8009
12.6486
12.7114
12.7367
12.8654
12.458
12.755
13.3597
12.4712
12.8377
12.6581
12.7
12.368
13.082
12.9992
12.9563
12.8799
13.1471
12.7749
12.9247
12.5525
12.8823
13.12
13.0321
12.6379
12.9335
13.2409
12.7535
13.0435
13.1746
12.8276
13.2137
13.0272
12.6847
13.0625
12.8901
12.7074
12.825
12.7455
13.0225
13.3176
13.4858
12.8866
12.8655
13.2094
12.5779
12.5784
12.5428
12.6869
13.0185
12.9598
12.8152
12.726
12.8507
12.7608
12.5704
12.1497
12.759
12.9823
13.2425
12.6457
13.2575
12.6885
12.7393
13.0061
12.7545
12.6779
12.9628
13.0859
12.5973
13.0713
13.056
12.9511
12.9395
12.9599
12.7283
13.4565
12.9618
13.2983
12.9596
12.3998
12.5787
13.4255
12.9062
12.6777
12.5326
12.8161
12.8074
12.5462
13.3728
12.8146
13.0804
12.7457
12.7556
12.8508
13.0303
12.8854
12.9861
12.8813
13.1203
12.9075
12.5011
12.8232
13.0585
12.6158
13.1408
12.9895
13.2336
12.9563
13.0245
13.094
13.1473
13.3454
12.6767
12.7812
13.04
12.6358
12.484
13.0897
13.1397
12.8399
12.4882
12.8989
13.1377
13.14
12.7101
12.8443
12.8155
12.9746
12.9256
12.8952
13.0525
13.105
12.9166
12.5103
