4.30184
4.06441
3.87726
4.21457
4.23827
4.14116
3.87721
3.69221
3.7784
4.13049
4.19358
4.33717
4.02642
4.22674
3.78249
4.40715
4.17931
3.90884
4.10526
4.03709
3.62735
4.09918
3.85848
4.04728
3.8551
3.92462
3.93925
3.95225
3.84007
3.93699
4.00294
4.18615
3.9782
4.10709
4.10945
4.20605
3.98182
4.30769
4.37709
4.03443
4.53459
3.69122
4.00029
3.77407
3.97035
4.15558
4.38582
3.5984
3.91619
4.3864
4.22734
4.18324
4.08566
4.02655
4.21779
4.3104
3.79696
3.83821
3.90927
4.17017
4.15359
3.76445
4.45873
4.09252
4.28928
4.1487
3.751
3.99251
4.08482
4.23019
3.7729
4.06531
3.73266
4.08203
4.35234
4.01794
4.10397
4.27835
3.84665
3.7661
4.32168
3.87151
4.18307
3.66551
4.04556
3.76941
3.92697
3.98304
4.01208
4.04327
4.16429
3.94257
4.10787
4.29104
3.80473
3.67256
3.93291
4.09808
3.99929
4.22624
3.83465
3.81263
4.0319
3.9772
4.14426
4.16366
3.96848
4.07613
3.64817
4.26283
4.18987
4.00197
3.65147
4.35888
4.02351
3.78072
3.73069
4.06135
4.29034
4.19326
4.00633
3.69754
4.33919
4.47028
4.03972
4.32575
3.8748
3.65026
3.97408
4.15354
4.13141
3.89994
4.08832
4.22136
3.89312
3.86757
4.2042
4.08178
3.81905
3.31116
3.37764
3.93672
3.76194
4.04116
4.01594
3.94296
4.10152
4.00844
3.91808
4.21664
4.19845
3.62015
4.21093
4.07214
4.18729
3.69348
3.36713
3.86801
3.91056
3.81808
3.99371
4.44839
4.03397
3.84419
4.01337
3.95291
3.96669
3.85112
4.17717
3.97714
4.36478
3.85289
4.23753
3.96806
4.49532
4.14262
4.35821
4.17472
3.88775
4.36713
4.15387
4.23949
3.98403
4.2647
4.05951
4.01171
4.37111
4.33186
4.17937
4.16931
4.29935
4.11046
4.16337
4.04284
4.26396
3.82835
3.95051
4.30854
3.78178
3.60846
4.29704
4.2027
4.44768
4.14813
4.31972
4.19465
4.60108
4.36745
4.71604
4.01785
4.05685
4.35593
4.34469
3.85818
4.14111
4.19281
4.29559
4.14802
4.12564
4.07344
4.51555
4.2775
4.31263
3.87455
4.0872
4.05539
3.9389
3.8676
4.18812
4.29564
4.15053
4.21209
4.28553
4.07509
4.72383
4.34662
3.56001
4.48802
4.18193
4.38697
4.41794
4.16231
4.32802
4.2764
4.72726
4.24458
4.11249
4.50327
4.34301
4.05906
4.17653
4.25556
3.88768
4.36886
4.26767
4.31377
4.06152
3.86061
4.2254
4.3403
4.43017
4.12459
3.86047
4.4993
3.98147
4.00613
4.38689
3.97086
4.2266
4.27003
4.1841
4.39922
4.43865
4.18298
4.26107
3.98367
4.21116
3.82111
4.13715
3.93584
4.29892
4.21233
4.13818
3.98814
4.21637
3.90249
3.89457
4.41246
4.00553
3.96647
4.13194
4.47182
4.1516
4.52721
3.88885
4.0623
3.62438
3.8534
4.03628
3.96393
4.08359
4.27503
4.2334
4.1545
4.24227
3.8813
4.32632
4.08092
4.12805
4.25576
4.00986
4.14724
3.95251
3.53921
4.09187
3.9918
3.97052
3.99024
4.05015
4.11072
3.92265
4.03588
4.02345
3.8797
3.97324
3.88322
4.44975
4.081
4.03495
4.32528
3.664
4.17201
3.96
4.06354
3.60896
3.98462
4.45296
3.9722
3.78491
4.17376
4.55526
4.12016
4.36456
4.2562
3.94319
3.62817
3.88732
3.97295
3.57198
4.06743
4.04219
4.19194
4.19381
3.96716
3.78186
4.15254
4.12761
4.09529
3.97174
3.91593
4.25277
4.00793
3.68057
4.19621
4.20731
4.33772
3.77843
4.08366
3.81505
4.17653
4.06239
4.48304
4.45436
3.85476
3.95373
4.31631
3.99605
4.07543
3.75188
4.31915
4.53484
4.42101
4.30504
4.51579
4.00774
3.84392
3.91049
4.30037
4.12814
4.02488
3.72743
3.97512
4.08373
4.1143
4.16823
4.37214
3.83421
4.01642
3.67885
4.05174
4.01721
4.19455
4.21498
4.06665
3.627
3.60064
4.23285
3.7754
3.87486
3.96223
4.13233
4.19212
3.93215
3.73265
4.08264
3.60679
4.25384
3.78801
3.71316
3.77114
4.1951
3.73811
4.12868
3.96385
4.2178
3.95106
3.32678
3.54165
4.09184
4.19288
4.12648
4.05665
3.98371
3.97403
3.88839
4.1381
3.92074
4.5251
4.35489
3.79117
4.10044
4.35025
4.1412
3.90492
4.33344
4.31994
4.38382
4.24386
4.12879
4.01173
3.89182
3.78007
4.16553
3.79051
3.77826
3.95905
3.73469
4.08603
4.07131
3.76156
4.36141
4.17109
4.01688
4.03084
4.18515
4.23466
4.19512
4.21736
3.68254
4.05793
4.03209
4.22369
4.23812
4.16623
3.85512
3.85958
4.0102
4.11544
4.07374
3.51161
4.0359
3.70791
3.87521
3.82782
4.05337
3.72875
3.95425
4.1373
3.80126
3.98329
4.0879
4.0983
3.90648
4.2333
4.28248
3.8168
4.4984
4.10138
3.90437
3.76524
4.26044
4.05492
3.70561
4.05681
4.37066
4.34129
3.94915
4.09699
4.00626
4.12016
4.01554
3.64706
3.72096
4.08428
4.14272
3.82829
3.79969
4.42588
3.97287
4.08578
4.00543
3.36737
4.03288
3.73987
4.01622
4.31345
3.96905
4.08415
4.0761
4.14525
3.95933
3.9071
4.06091
4.04007
3.94824
4.16408
3.85665
3.76809
4.05589
4.28823
4.22282
3.97862
3.3242
3.76904
4.01503
4.07502
3.82871
3.77986
3.79898
3.76461
3.7767
4.27809
3.9626
3.91852
3.90183
3.62422
4.28361
3.79089
4.01591
4.01579
4.21522
3.88172
3.78482
3.57998
3.90882
4.00229
4.00125
3.82311
4.37182
3.63242
3.90042
3.744
4.28852
3.86492
4.22688
3.76901
3.95183
4.14873
3.58846
3.95419
3.70442
4.49631
4.41329
3.80784
4.22888
4.17088
4.04762
4.1615
3.99565
4.25344
4.00425
4.1352
3.61651
4.12595
4.03314
4.00665
4.28142
4.09728
4.04855
4.35914
4.07934
4.2312
4.01956
4.2084
4.18289
4.3684
3.65982
3.93009
3.83305
3.93366
3.82558
4.23322
4.04722
4.18345
3.52105
4.33212
3.7978
4.19136
4.37521
4.16692
3.89384
4.34058
4.40137
4.01562
4.16007
4.56069
3.87448
4.0172
3.88528
3.46454
3.97487
3.82454
4.36579
4.45739
4.05222
3.96947
4.32675
3.88635
3.95233
4.15042
3.69428
3.86104
3.97715
3.88079
4.02853
4.35106
4.05475
4.05077
3.84087
4.07873
3.97757
4.13289
4.29564
4.47161
4.17495
4.11384
4.26291
4.55068
3.79392
3.9656
3.89659
4.33565
4.37812
4.3759
3.90612
4.42692
3.93536
4.08492
3.55615
4.27689
4.20519
3.95136
3.91503
3.92863
4.4108
4.0874
4.42896
3.99584
4.31488
4.40083
4.07412
4.25405
4.10945
4.05371
3.86116
4.3078
4.07714
4.06183
4.21037
4.07741
4.09479
3.94239
4.24746
4.57155
4.07861
4.0006
3.99551
4.69243
3.58721
4.2079
4.2934
4.38357
4.06422
4.36509
4.18975
4.20241
3.90303
4.26982
3.74357
4.49262
4.45587
4.45843
3.97507
4.16384
4.42429
4.42678
4.43309
4.4318
4.06374
4.28003
4.31404
4.03094
3.6412
3.92762
4.24815
4.7832
4.08918
4.07954
4.31766
4.06449
4.1277
4.19642
4.60071
3.99416
4.05122
3.86576
4.40963
4.16599
4.12111
4.32724
3.8993
4.2248
3.68499
4.34929
4.30754
4.16491
4.18851
4.48808
3.66956
4.56528
3.77029
4.56168
4.15851
4.24615
4.30938
4.37287
4.26459
4.256
4.29378
4.15967
3.71797
4.38265
3.86932
3.9406
4.31849
4.23433
4.14464
4.40275
4.11697
4.2834
4.23369
4.4503
4.15575
4.25004
3.99547
3.84831
3.48397
4.36402
3.38166
4.11741
3.91698
4.29689
3.94174
4.19342
4.69661
4.0303
4.46761
4.14806
4.34175
4.08971
4.53349
4.31232
4.193
3.90987
4.17905
3.86764
4.00726
3.99065
4.25218
3.80249
4.20304
4.3523
4.22328
4.33142
4.07689
4.50874
4.43426
4.20394
4.49995
4.24171
3.87886
4.04945
3.90827
3.89111
3.93532
4.08786
4.37347
3.78231
3.88569
4.43187
4.14251
3.80413
3.89382
4.21528
3.83334
4.07786
4.02319
3.95449
4.09142
3.97533
3.86311
3.93573
3.74401
3.53842
4.14738
3.94061
4.33002
4.4137
4.13807
3.87764
4.2053
3.90495
3.84564
4.16358
4.23565
4.16827
4.36749
4.03446
3.94768
3.97489
4.23938
3.98569
4.05625
4.09389
3.9315
4.25747
4.42736
4.31092
3.723
4.09046
4.10425
3.75626
4.45283
3.87807
4.04725
4.29842
4.28949
4.54368
3.93921
3.78274
4.16709
4.16337
4.04917
4.0442
4.3216
3.86695
3.96518
4.19059
4.17078
3.96669
4.11585
4.89569
4.35896
4.33361
4.35149
4.2259
4.54718
4.02006
4.06845
3.57281
4.00423
4.30166
4.03188
3.87934
3.79027
4.09829
3.96415
4.13347
4.12188
4.1887
4.26645
4.45059
3.99616
3.83141
4.02004
4.45339
4.12655
3.94225
3.86241
3.95021
4.60294
4.46391
4.01655
4.03859
3.77744
4.39613
4.14111
4.31684
4.13744
4.17795
4.34872
3.94144
4.53806
4.3131
4.11442
4.36473
4.0192
4.49768
4.09348
3.79919
4.21296
4.45
3.93023
3.5024
4.2199
4.32562
4.48644
4.50668
4.5255
4.05428
4.39038
3.98384
3.95954
4.22784
4.09396
4.39345
4.10205
3.96793
4.29106
4.16506
4.63373
4.40681
4.27838
3.72708
4.14231
4.05588
4.33036
3.93202
4.54017
4.36021
4.59624
4.20592
4.57555
4.43221
3.77292
4.41555
3.89407
3.977
4.16793
4.11571
4.55605
3.93733
4.46695
4.11093
4.57037
4.43119
3.62333
4.14727
4.12317
4.3112
4.64028
3.87946
4.38514
4.4517
4.36967
4.2211
4.37306
4.75001
4.14393
4.38863
3.89647
4.19397
3.86436
4.37419
4.39016
4.3352
4.34976
4.22297
4.17699
4.19198
4.32305
4.36497
4.48606
4.37818
4.08419
4.09728
4.05819
4.37602
4.19048
4.59696
3.98836
4.78859
4.38674
4.4284
4.41866
4.46242
4.5318
4.51736
4.0958
4.09051
4.34463
4.06904
3.8861
4.17837
4.51433
4.13723
4.30036
4.20556
4.44294
4.34713
4.1449
4.18699
4.5408
4.21295
4.2591
4.08546
4.40755
4.32453
4.39805
4.41425
3.90917
4.01838
4.21059
4.3734
3.71365
4.34506
4.23349
3.79046
4.59071
4.3647
4.51376
4.26089
3.91144
4.11542
4.13462
4.53434
3.92403
3.96568
4.13593
4.19228
3.68898
4.228
4.34025
4.19176
3.85744
4.42222
4.23872
4.13308
3.5839
4.25219
3.87033
4.5162
4.68435
4.2827
4.29797
4.67578
4.30203
4.10027
4.02461
3.943
4.05531
3.92966
3.96416
4.51561
4.42423
3.96076
4.60128
4.0208
4.42804
4.18112
4.28832
4.24659
3.84046
3.87191
4.27149
4.13864
4.26098
4.33194
4.08092
4.5986
4.12551
4.18362
4.49051
4.24411
4.06631
4.11547
4.53857
3.88115
3.66787
3.97335
4.17931
4.30832
3.92024
4.51729
4.32126
4.49574
4.22355
4.15558
3.73996
4.53711
3.91262
4.28922
4.32366
4.19166
4.27775
3.59417
4.30735
4.03956
3.96533
3.98358
4.44924
4.22092
3.94216
4.57158
3.93252
3.94989
4.202
3.83554
3.9554
3.54773
4.06514
3.64337
3.93817
4.3029
3.60786
4.14385
4.14411
4.06613
4.27092
4.31376
4.18383
4.01787
4.19931
3.93174
4.18747
4.04575
3.83343
4.00595
4.49815
4.31519
3.89749
4.13118
4.33923
3.73251
3.98695
3.95204
3.95045
4.22121
4.08812
4.51696
4.29992
4.12898
3.87921
3.98164
4.05816
3.99131
4.13134
4.57682
3.98886
3.77546
4.19552
4.25828
4.08015
4.0471
4.4037
4.15411
4.44711
4.61832
4.24768
4.32331
4.43369
4.30499
4.37893
4.17378
4.0863
4.35339
4.19982
3.84995
4.05955
4.38933
4.34265
4.3388
4.44595
4.27892
4.21571
3.99179
4.20058
4.26293
4.04657
4.46554
4.56796
4.21078
4.21926
4.1658
4.08594
4.20162
4.16534
4.09247
3.99348
4.19546
4.24791
4.4072
4.21837
4.27274
4.25475
3.9743
4.30707
3.98924
4.1803
4.06476
4.68199
4.40808
4.80284
4.45925
4.56281
4.26789
4.1519
3.92227
4.29463
3.83065
4.44817
4.71451
4.40798
4.51917
4.35539
4.17948
4.20232
4.22618
4.39126
4.42062
4.44539
4.07643
3.7662
3.94916
4.25799
4.22856
4.35033
3.64231
4.31659
4.12191
4.5782
4.04263
4.20082
4.27088
4.05447
4.0234
3.94401
4.27294
4.07746
3.81608
4.03323
4.32711
4.36801
4.43876
4.30718
4.38137
4.29555
4.66427
4.54097
4.42339
4.54376
4.45046
4.3204
3.97141
4.53174
4.44608
4.33429
4.22349
4.24328
4.14834
4.35749
3.87576
3.78142
4.65142
4.15197
4.18752
4.56448
4.24621
4.50939
4.22714
3.69308
4.3155
4.34246
4.20604
4.62756
4.36034
4.18234
4.09353
4.01969
4.44081
4.33514
4.30275
4.02241
4.13453
4.31038
4.03565
4.33446
4.35404
4.47298
4.74399
4.31697
4.25613
3.92285
4.10187
4.3548
3.97162
4.32099
4.17002
3.7401
4.54231
4.19575
4.34778
4.18315
4.54654
4.02819
4.59232
4.36109
4.0521
3.93673
4.36831
4.79914
4.46518
4.38621
3.66996
4.17175
4.22479
4.30148
4.21248
3.8749
4.42997
4.19193
3.98059
4.26812
4.48564
4.27923
4.40047
4.36078
4.59763
4.17977
4.33228
4.37728
4.83059
4.51113
4.58342
4.24904
4.76787
4.0965
4.00646
3.90331
4.65765
3.87873
4.29826
4.45374
4.12797
4.37882
4.62815
4.35561
4.6832
4.19577
4.48048
4.29873
4.0371
4.2434
3.55235
4.14856
3.73464
4.30949
3.88962
4.29496
3.89018
4.29701
3.63088
3.97764
4.19244
3.86268
3.54343
4.25811
3.94734
3.88862
3.77521
4.47472
4.09678
3.88066
4.11116
3.90807
4.18218
3.80487
3.98873
3.77792
3.72919
4.23994
3.96492
3.72566
3.78298
3.97977
4.16726
3.8502
4.28621
4.03055
3.65745
4.2418
4.22898
3.78425
3.90026
4.0782
4.13771
4.22526
4.25738
4.52277
3.95376
3.86884
4.24647
3.80834
3.99755
4.20636
4.25567
3.92167
3.9424
3.73244
4.5291
4.21669
4.27351
4.06201
4.04749
3.92529
4.01694
3.98393
4.27263
4.24681
3.67719
4.27683
3.76599
3.9488
3.83773
4.24152
4.22329
3.95327
3.73985
4.23724
3.61367
4.04269
4.0389
4.14709
4.21002
4.19694
4.29013
4.10182
3.98449
4.52248
3.89673
4.16328
3.9655
4.22213
3.94576
4.30145
4.27675
3.8536
3.91536
4.01333
4.06323
4.1335
3.75003
4.00815
4.62053
4.02137
4.24523
4.18605
4.75329
4.07892
4.04284
4.57005
4.12136
4.49111
4.20229
4.39283
4.05257
4.11812
3.90441
3.91976
3.93401
4.17614
4.13559
3.92899
4.08164
4.11318
4.21756
3.99863
4.06128
4.47501
3.83905
3.90258
3.97129
4.59584
4.33248
4.16352
4.31804
4.10099
4.16332
4.18928
4.39175
3.92579
3.97967
4.13593
3.86348
4.34543
4.62824
4.11936
4.03802
4.24155
4.15041
4.04244
4.15005
4.50474
4.25891
4.09739
3.75064
4.23682
4.47357
4.34207
4.42128
4.47295
4.38678
4.00671
3.91938
4.57572
4.11514
4.28417
4.39384
3.97717
3.83904
4.12757
3.9626
4.23818
4.38817
4.11764
4.13846
4.12872
4.24756
3.94759
3.87654
4.13307
3.98566
4.13182
4.29856
3.69677
4.40501
3.8728
4.06808
4.06717
3.93167
3.91202
4.14141
4.01509
3.96351
4.10593
4.18656
3.97413
4.33273
3.81371
4.30849
3.7584
4.43454
3.95892
3.80684
4.08117
4.32286
3.98353
4.10199
3.9246
4.15586
4.27482
3.4882
4.00277
4.37376
4.3159
4.17293
4.12842
3.93555
4.3044
4.24133
4.15582
3.66779
4.2178
4.11089
4.08082
3.96966
4.41818
3.83307
4.18589
3.98906
4.64187
4.00994
4.25795
4.27455
4.64753
4.01015
4.22663
4.13263
4.096
4.11521
4.24132
4.45809
3.9768
4.17785
3.99614
4.18885
4.15857
4.31091
4.35699
3.69967
3.95098
4.14749
4.60692
4.11809
4.4012
4.19145
4.44409
3.77668
4.15819
4.55034
3.76681
3.87219
4.23222
4.42831
3.83084
3.94855
4.74905
4.11499
4.35322
4.24419
4.15434
4.13919
4.15575
4.15083
3.79795
3.87211
4.35259
4.05841
4.15815
4.36961
4.53767
4.54203
4.14819
4.20009
4.03435
4.12517
4.19327
3.83009
3.69489
3.79623
4.24121
3.79927
4.18424
4.02265
3.87055
4.22238
4.05083
4.10865
3.93443
4.00679
3.5499
3.97208
3.80707
4.39083
4.11301
4.268
4.31665
4.16034
4.56879
4.50118
4.20003
4.77489
4.17941
4.12963
4.11788
4.30089
3.86563
4.50268
3.69458
4.17268
4.27634
4.34451
4.13535
4.50029
4.08959
4.24632
3.88453
4.0989
4.25354
3.9368
3.63918
3.77718
4.08614
3.80993
3.98538
3.32724
4.2054
4.08394
4.14632
4.1843
3.5772
3.76238
4.09334
3.94667
3.77911
3.56507
3.83874
3.77997
3.74206
4.05857
3.84803
3.92219
3.44749
4.26158
3.5554
3.87648
3.96037
3.25182
4.00809
3.94387
4.09642
3.89375
4.06235
4.16206
3.36493
4.01391
3.78038
3.76617
3.70068
3.95682
3.57522
4.09681
3.93053
3.88294
4.09667
3.7262
3.5443
3.8642
3.84027
3.55077
3.8161
4.06531
3.89612
3.9982
3.72246
4.38555
3.92908
3.92989
4.11811
3.78814
4.11654
3.92106
4.10434
3.96755
3.91465
3.7297
4.17661
3.69867
3.90541
3.99653
4.05918
4.05125
4.06542
3.40924
3.98592
3.58435
3.87535
4.00512
3.82087
4.10552
4.05443
4.02395
3.83779
4.10735
4.29681
4.00388
3.87899
3.81051
4.02522
3.94312
3.86323
3.77422
4.07053
3.91438
3.73847
4.1545
3.89369
3.78428
3.8553
3.99663
3.78076
3.56516
4.22668
3.92012
4.04464
4.17894
3.97538
3.86784
4.03584
4.32171
4.20087
4.05426
4.19256
3.89951
4.28902
3.6072
3.34616
3.63015
3.55167
4.53837
3.9657
4.00436
3.77825
3.6696
3.90214
3.98409
3.77559
4.05876
3.94625
3.9606
3.96328
4.06834
4.00073
4.10625
4.3401
3.77776
4.01507
4.02982
4.08602
3.92802
4.57486
3.71553
4.00552
4.04762
4.48099
3.7127
3.91617
3.7119
4.14673
3.95949
4.26604
3.9931
4.00021
4.30275
4.07539
4.20014
3.95545
3.79536
4.0505
4.27849
3.71957
4.2856
3.99531
4.50239
3.96055
4.22213
4.42497
3.51979
3.95954
4.44472
3.6728
4.38432
4.07345
3.90191
4.20763
3.9475
4.2398
4.10195
4.25567
3.83865
4.33824
3.4251
4.12704
4.2644
4.06846
4.17472
4.10232
4.23313
4.50098
3.91317
4.05557
4.2259
3.8904
4.20102
4.17134
3.52131
4.10833
4.20491
4.27404
3.98244
4.09928
4.70622
4.02864
4.17808
4.02062
4.05969
3.62391
3.82723
4.65101
4.07522
4.21146
3.72299
4.37084
4.09461
3.91228
3.90342
4.43654
3.86259
4.25946
4.32353
4.31362
4.02945
4.26979
4.09874
3.97333
4.00096
4.00573
3.77455
4.21887
4.13591
3.71037
4.13144
3.99002
4.32351
4.17286
4.3378
4.2304
3.96776
4.24329
4.01782
4.41406
4.17155
4.05996
3.94956
3.81359
4.28805
4.11979
3.75702
4.42202
4.17111
4.12362
3.95483
3.96461
4.52849
4.14283
4.25405
3.68053
4.52303
4.24861
4.55032
4.18028
4.28532
3.85962
4.26426
4.49599
4.26857
4.29398
4.46684
3.93209
4.00458
3.93868
4.11987
4.11916
4.12175
3.99338
4.70866
4.21462
4.49239
4.07958
4.06577
4.55932
3.86178
4.11473
4.25306
4.04501
4.03521
3.75879
3.96876
3.85557
4.41937
3.92201
4.4954
4.26288
3.96761
3.90568
4.16656
4.33597
4.19013
4.20966
4.61582
3.74973
4.03692
4.22472
4.07128
3.76716
4.3556
4.3256
4.27202
4.23783
3.93052
3.70732
4.21152
4.13434
4.34638
3.69825
3.71845
4.0111
3.67613
3.83558
4.42451
3.69233
4.08871
3.96094
3.61782
4.22877
3.96707
3.87518
3.82001
3.87302
3.76752
4.07231
4.10186
3.69933
4.30521
3.72555
3.65308
4.15195
4.03764
4.03228
3.97778
4.14297
3.85917
3.97023
4.0474
4.08681
3.98106
4.05316
3.76144
3.60911
4.08645
3.61193
3.86512
3.96689
3.83349
3.80762
4.28781
3.70239
3.85428
3.99526
3.84954
3.52409
3.94118
3.87598
3.80108
4.22649
4.14175
3.54707
3.99418
3.98373
3.77463
3.89873
4.22366
4.30145
3.78489
3.77055
4.00808
3.98873
3.57143
3.77096
3.86235
4.10071
4.10756
3.94717
4.00627
4.07979
3.72606
3.82938
3.65113
4.05868
4.01894
4.39646
4.65663
4.40066
4.5649
3.70805
4.10966
4.26233
4.2998
3.84037
4.43982
4.33957
4.46305
3.9137
4.2552
4.60511
4.3661
4.29805
3.6627
4.33
4.14388
4.18212
4.35782
4.41469
4.26712
3.8544
4.08558
3.52723
4.03474
4.18575
4.14151
4.22549
4.45467
3.97976
4.14072
4.12596
3.7997
4.47335
3.65286
4.36043
4.27931
4.63708
4.23073
4.11793
4.17956
4.20202
4.45902
4.30461
4.4576
4.06204
4.16783
4.23539
4.03436
4.30418
4.4972
4.2297
3.98755
4.08916
4.14983
3.91588
4.0086
4.3246
4.02233
3.76043
4.36876
4.21439
4.73056
4.5027
4.03803
4.3618
3.99811
4.06422
4.18886
4.44192
4.31555
3.9266
3.96825
4.19808
4.08763
4.33066
4.22538
3.99489
4.25966
3.90909
4.04192
3.67497
3.92307
4.29735
3.97792
4.20118
4.08807
4.06882
4.13678
4.64263
3.74371
4.1047
4.03872
3.78582
4.24528
4.16201
4.57784
3.85814
4.21352
4.44431
4.00796
3.61749
4.11182
4.1664
4.10792
4.39434
3.62102
4.43768
4.24174
3.8866
4.64828
4.19953
4.31802
4.18275
4.21008
3.88357
4.19654
3.92285
4.30746
3.67269
4.14461
4.59753
4.25553
4.08029
4.03637
4.01622
4.49125
4.17308
4.38504
4.40628
4.08306
3.76597
4.00927
3.89811
3.87111
4.01369
4.23511
4.56424
4.28235
4.23725
4.30746
3.80115
3.98895
4.32288
4.0841
4.29254
4.01078
4.04192
4.37452
4.39975
4.007
4.29875
4.17282
3.90409
3.56549
4.23814
4.3812
4.445
4.08098
3.99394
4.48732
4.34005
4.68438
4.09979
4.06308
4.35188
4.13043
3.86289
4.18765
4.1096
4.36267
4.475
4.13471
4.19469
4.33309
4.16093
3.93343
4.05012
4.12144
4.16206
4.23049
4.09898
4.02545
4.03949
4.36947
4.32781
3.93598
4.00485
3.66519
4.2418
3.78276
4.52616
3.94974
4.27173
4.60285
4.23759
4.46668
4.34833
3.99565
4.45913
4.36026
4.45398
4.50867
4.1383
4.42509
4.49406
4.10669
4.46621
4.17104
4.52174
4.18932
4.74571
4.49258
4.49774
3.94523
4.07977
4.63579
3.78894
4.40438
3.91666
4.22534
3.97564
3.97334
3.99143
4.04486
4.13854
4.04732
4.36928
4.05903
4.60382
3.98877
4.27455
4.19798
3.82778
4.42566
3.96305
3.98753
4.04175
4.13067
4.17257
3.42467
4.34177
4.6483
4.05166
4.32856
3.94795
4.44204
4.42587
4.05452
3.76983
3.89275
4.21601
4.1367
4.19184
3.99644
4.23546
4.38773
3.88399
4.29726
3.82577
4.32474
3.99089
4.00785
3.8233
4.14044
3.90408
4.20378
3.85228
4.18368
4.07201
3.93206
3.9021
4.17789
4.3855
4.25245
3.98504
4.11676
4.07432
4.01363
4.15965
3.92587
4.0237
3.92378
3.75921
4.15154
4.3421
3.86966
3.91949
4.04433
3.94392
4.35579
4.05261
4.01949
4.50532
4.14829
3.86915
4.09425
4.01213
3.84505
4.17078
4.175
4.29307
3.74261
3.97735
3.8201
4.19723
3.86423
3.96242
4.42184
3.78931
4.15984
4.16832
4.21339
4.38913
3.68185
4.0523
4.00991
4.24433
4.02902
3.85762
4.07548
4.22642
4.43418
4.46133
4.03981
4.31245
4.30605
3.84922
3.98484
3.98747
4.0689
3.24254
4.13829
4.16239
3.89353
3.87995
4.19742
4.23833
4.2891
3.94519
4.11629
4.23165
3.79043
4.20261
4.54587
4.15825
4.11078
4.35578
4.1518
3.84435
3.79635
3.85694
4.09157
4.2894
4.2542
4.30362
4.16991
4.20005
3.90736
4.01354
3.68359
4.21573
4.14767
4.19835
4.04417
3.99106
4.4262
3.93966
3.96502
3.77449
4.25696
4.0251
4.54592
4.21492
3.72622
4.00732
4.24947
4.50173
4.11641
4.05436
3.99096
4.18729
4.28476
3.90372
3.98406
4.05735
3.83675
4.24305
3.85936
4.36667
4.18274
4.0631
4.07013
4.33043
3.32978
4.16154
4.44485
4.38431
4.10504
4.02585
4.06926
4.04042
4.3755
3.88512
4.24796
3.93106
4.18885
4.15323
4.1145
4.78885
4.57579
3.93045
4.08519
3.8163
4.16038
3.7746
3.9427
4.39691
4.13536
3.96346
4.26937
3.96302
4.58692
4.06893
4.12478
4.62643
4.3
3.89412
4.16933
4.28696
4.42451
4.26303
3.86381
3.90237
3.78103
4.00444
3.70857
4.0665
3.64811
3.78757
3.93186
4.03883
3.82878
3.46517
4.11879
3.54662
3.79511
3.76198
3.78159
3.72672
3.96726
3.94667
3.99342
3.9919
4.2253
3.49493
4.16236
3.80118
3.85647
3.57394
3.5631
4.07007
3.84712
3.87796
4.18462
4.04291
3.93591
3.52529
4.07773
3.75287
3.6418
3.44786
4.1514
3.94911
4.24721
4.05404
3.84032
3.81361
4.09854
4.38009
3.97007
4.16116
4.00284
4.01832
3.76021
3.91135
3.97448
4.21327
3.78116
3.66576
3.76912
3.94394
4.07132
4.18243
3.68208
3.76466
3.8482
3.75544
3.96719
4.06577
3.94136
4.0438
4.00675
4.01533
3.82743
4.67138
4.35488
3.80296
3.90147
4.42779
4.30173
4.03867
3.97058
3.83581
4.09921
4.33849
4.24366
3.62289
3.98063
4.32663
4.39019
3.8934
4.15357
4.10586
3.85505
4.01905
4.09518
3.87542
3.82356
4.30473
3.7982
4.22838
3.89011
4.27543
4.42009
4.07502
3.73046
4.02255
3.92773
3.8705
4.16211
4.44096
4.28173
3.95545
4.30822
3.85087
4.46417
4.36441
4.174
4.30168
4.34552
3.97748
4.31445
4.09416
4.33921
3.87672
4.12278
3.8379
4.44052
3.89396
4.33113
3.98487
4.55408
4.25247
3.82351
4.0996
4.16287
4.35053
4.08009
4.03976
4.16869
4.18828
3.95038
3.83
4.40577
4.11807
4.13715
4.32121
3.66412
4.09305
3.9803
4.15414
4.03907
3.7856
3.98343
4.01134
4.03096
3.95401
4.04772
4.54465
3.76851
4.15287
3.86083
3.78299
3.94151
4.27079
4.28468
4.16636
4.21501
3.43448
3.9554
3.88828
4.36307
3.92424
4.24755
4.1025
3.69672
3.8328
3.9535
4.22903
4.36144
3.80108
3.92783
4.4797
4.07462
4.1284
4.2375
4.70524
4.05892
4.13182
3.83735
4.1635
4.38661
4.04053
3.87478
4.35869
4.28977
4.06286
4.01421
4.31032
4.08547
4.03024
3.96863
3.87564
4.10557
4.18921
4.5948
4.02024
3.89049
3.91623
4.20492
4.26212
4.17054
3.74777
3.68997
4.23933
3.92716
3.93187
4.37274
4.09415
4.22181
4.19579
4.15011
3.86566
4.11702
3.79431
3.55437
3.88328
4.00398
4.02
3.96371
4.2092
4.02689
3.90993
4.14424
3.9119
4.10903
4.26831
4.19331
3.98938
3.6935
4.09577
4.14799
4.18636
4.03178
4.17327
3.92944
4.30037
4.19082
4.16444
4.27338
3.97924
4.11155
4.30044
4.22898
4.14719
3.74135
3.91754
4.16191
3.74236
3.94955
4.18377
3.81605
4.04085
4.05327
3.92194
3.91034
4.06248
4.10032
4.01682
4.34705
4.13082
3.9387
4.44806
4.09518
3.8263
4.12087
4.29866
4.0377
3.96384
4.30753
3.97748
4.23905
4.41296
3.94961
4.01525
4.33594
4.53296
4.13771
4.21888
4.81664
4.28168
4.12712
4.11354
3.95725
3.82091
4.06037
4.34962
4.83962
4.26017
4.22622
4.02909
4.27253
4.12635
4.31154
4.15295
3.90857
4.15917
3.8869
4.05734
4.20538
4.29104
4.15231
4.27254
4.40249
4.1883
4.22939
4.17424
4.24523
4.27926
4.30675
4.23581
4.19856
4.10898
4.29102
3.91061
4.34022
4.09223
4.02072
4.60016
4.28327
4.24277
3.72573
3.78823
4.37169
4.03053
4.44626
3.84532
3.73939
3.87305
3.64619
4.01623
4.07696
4.01286
4.31512
3.70276
3.94246
3.95199
3.59139
3.73637
4.38174
3.94729
4.00359
4.30178
4.11574
3.74918
3.93603
3.73214
3.94866
3.93596
3.77541
4.25946
4.16053
4.08082
4.11318
4.06246
3.71208
4.1998
3.77833
3.9469
3.5872
3.55223
4.11136
3.91865
4.08562
3.98639
4.33867
3.84958
4.54963
4.16506
3.81284
4.16267
4.29555
4.15422
4.20467
4.22447
4.28949
4.16466
3.90271
3.94144
3.95608
4.15754
4.01588
3.96163
4.10576
4.11978
3.47253
3.93216
4.39721
3.87735
4.30429
4.06868
4.2423
4.0427
4.24459
4.13157
3.28663
4.54572
4.01209
4.0718
4.02095
4.00825
4.23767
4.31996
4.07933
4.22945
4.41443
4.40356
3.93121
4.79363
4.11571
4.30984
3.93153
4.28375
4.44816
4.69094
4.07119
4.1088
4.67975
3.90695
4.1348
4.25139
3.9695
3.85116
3.95831
4.30288
4.2412
4.20078
3.96909
4.21609
4.28766
4.34486
4.24393
4.28393
4.38786
4.48908
4.41186
4.28544
3.92158
4.23056
4.63207
4.01108
4.63582
4.21415
4.32051
4.0352
4.16142
3.97954
4.23875
4.34365
4.1524
4.60041
4.10014
4.3021
3.97233
3.8271
4.15833
4.36455
3.62753
4.17415
3.86541
3.8587
3.53215
3.9078
3.88675
4.09464
3.96238
3.91954
4.00242
4.15732
3.41175
4.09219
4.3561
3.60824
4.10617
3.79629
3.94683
4.20022
4.01574
4.0288
3.80662
4.15221
4.2859
3.74005
3.83184
3.95499
4.10362
4.09792
3.83032
4.07203
4.58351
4.24846
4.2285
4.42211
4.27262
4.05403
3.89557
4.14811
3.90931
3.6725
4.12418
3.91001
4.01543
3.83054
3.91213
4.13366
3.97229
4.03061
4.29626
3.94499
3.97636
3.92502
4.21551
4.24798
3.95782
3.85587
3.888
3.96982
4.19972
4.03729
4.1884
3.86414
4.30118
4.34326
3.91718
3.97904
4.32864
4.53773
3.82112
3.83305
4.32638
3.94326
3.89762
4.17737
3.95122
4.10259
3.73368
4.30963
3.9983
4.25395
4.21802
4.42914
3.76892
4.20623
3.88568
4.2126
3.79837
4.06322
4.34222
3.87839
4.11398
4.20229
4.53915
4.01636
4.25713
4.07658
4.28738
4.68464
4.08644
4.11396
3.84565
4.39626
4.18692
3.73505
3.93621
3.92792
4.0004
4.12334
4.32421
4.32438
3.92552
3.76428
4.03953
4.19056
4.15255
3.88981
3.94645
4.53398
4.15889
4.00869
4.32972
3.77508
4.16564
4.58271
4.04115
4.25274
3.99245
4.09272
4.5463
4.00159
4.06377
4.54588
4.24211
3.92641
4.2085
4.15257
4.02664
4.12248
3.79818
3.88518
4.1004
4.36997
4.47008
3.88233
4.02425
4.36362
3.98366
4.10797
4.21428
4.29252
3.90851
4.04568
4.39651
3.95435
4.27658
4.24361
4.25822
4.34761
4.21594
4.20036
4.09241
3.86546
4.38388
4.61133
4.12406
4.37162
4.0916
4.40894
4.15036
4.20424
4.2528
4.2191
4.11207
4.37865
4.18154
4.29522
4.13153
3.93715
4.09364
4.28207
3.61207
3.64158
4.34061
3.83181
4.31864
4.36727
4.33433
4.1403
4.2848
4.23442
3.78356
4.2002
4.16849
3.85502
3.88988
3.98868
4.14262
4.03479
4.04451
4.17093
4.28324
3.70795
4.26013
4.03476
3.60807
3.7067
4.45283
4.25265
3.45457
4.13749
4.06534
4.35881
4.18865
4.24879
3.91665
4.40998
4.40181
4.33461
4.6042
4.21127
4.0807
4.31324
4.47652
3.90318
4.1198
4.33236
4.00266
4.49295
4.34353
4.02533
4.11949
4.08515
4.48764
4.01829
4.03112
3.9527
4.15729
3.80464
3.7961
4.18863
4.36492
3.74696
4.25187
4.05739
4.13353
4.11371
4.58361
3.85636
3.65627
3.8423
4.14949
4.36091
3.52322
4.27793
4.14428
4.15904
4.06569
4.04957
4.42957
4.19137
3.68861
4.34699
3.96099
3.87846
3.99226
3.95971
4.10357
3.99462
3.77176
4.24815
4.07191
4.22961
4.15054
4.56717
4.21953
4.19803
4.66735
4.31161
4.258
4.36541
4.33895
3.98258
4.29205
4.3325
4.18591
4.26846
4.12918
4.10982
3.98775
4.26248
4.29868
3.96075
4.27422
4.23993
3.81845
3.52097
4.07313
4.18549
3.96785
3.90256
3.94461
3.92705
3.904
3.70415
4.30163
3.48498
4.21732
3.83281
3.62864
3.59426
3.81317
4.19389
4.2287
3.58327
3.87395
4.32254
3.9977
3.80103
3.76309
3.69933
3.79067
3.81463
3.82969
4.08792
4.13499
3.40809
3.67772
3.76045
4.18505
4.20906
4.14763
4.04697
3.84787
3.93101
3.92989
3.93088
4.00718
4.22399
3.82861
3.96963
3.81061
4.12285
3.87866
3.64055
3.99963
4.07688
4.00918
3.58519
4.00994
3.77402
3.66692
3.91225
4.25374
4.66464
4.10903
4.06884
3.86919
4.14927
4.0187
4.47694
4.42683
3.86303
3.80586
4.39871
4.25764
3.94013
3.93899
4.81343
4.05223
3.93721
4.14408
4.66874
4.50783
4.26697
4.19163
4.22296
3.68263
4.06935
4.07127
4.25492
4.07975
3.76765
4.09314
3.98149
4.71819
4.27249
4.76289
4.22107
4.42789
4.29612
4.10126
4.07589
4.28318
4.35966
4.21451
3.88275
4.1715
4.34342
4.25294
4.16988
4.33915
4.07604
4.44051
4.13149
4.06882
4.30936
3.86501
3.48559
4.42891
3.51486
4.22828
3.59076
3.95607
4.28541
3.9409
3.89032
3.6859
3.75602
3.9594
3.62021
3.73518
3.63261
3.97099
3.833
3.82327
3.82247
4.1362
4.11355
4.03384
4.11719
3.97414
3.06017
3.88605
4.06523
3.98648
3.80361
3.77021
4.02635
3.8102
4.08611
4.14179
4.14076
4.13539
3.7623
4.2259
4.3532
3.96779
4.27782
4.36959
3.94389
3.42493
3.95109
4.16981
4.04176
3.93278
3.76057
3.92579
3.89011
3.9368
3.52677
4.16797
3.72991
3.84112
4.00219
3.87459
3.93369
3.9556
4.23588
3.93499
4.19876
4.0167
4.46767
4.18464
3.89269
3.7514
3.56865
3.80878
4.13263
4.27495
3.69112
4.15418
4.23586
3.87768
3.95498
3.3676
3.89252
3.88786
4.08258
3.72068
3.71445
4.19159
4.44983
4.20018
4.01488
4.29799
4.09461
4.09604
4.54456
4.20549
4.0614
3.73658
3.73788
4.05407
3.46248
3.77755
4.44889
4.30085
4.2203
4.23601
3.8313
4.25204
4.14144
4.10454
4.09817
3.7618
4.1728
4.01134
3.81086
4.32411
4.39783
4.33315
4.23949
4.34098
3.75652
4.75995
4.54776
4.23036
3.99574
3.84945
4.25762
4.60977
4.43675
3.69074
4.54101
4.00746
4.38283
4.0715
4.08938
4.16141
4.09193
4.11609
4.48632
4.20599
4.79739
4.79833
4.05548
4.76487
4.3406
3.89231
3.90424
4.22856
4.31184
3.9652
4.42979
3.87701
4.16369
3.73244
4.42715
4.55509
4.14459
4.67136
4.44769
4.23961
4.28825
4.27168
4.20104
4.51144
4.00612
4.68596
4.16256
4.21087
3.98821
3.95362
3.83216
4.34782
3.56532
4.12061
3.77154
3.72822
3.80626
4.40443
4.14736
4.07083
3.95382
3.49564
4.10642
3.65805
3.88725
4.3179
4.04576
3.63801
3.94083
4.10196
3.89688
3.96282
4.33437
4.19186
3.70903
4.18217
4.07203
4.32198
4.21366
4.03581
4.31895
3.95813
4.30888
4.00521
4.41481
3.80595
3.97005
3.9102
4.40839
3.68382
4.24343
4.06572
3.82532
3.96669
4.19361
4.07559
4.12753
4.35699
4.07445
4.15411
3.94712
4.18146
3.96252
3.95705
3.9977
4.11659
3.85801
3.55006
3.86701
4.16001
4.229
4.03821
3.96162
3.99384
4.05085
4.28658
3.7079
3.99792
3.82839
3.71122
4.13301
4.03093
4.03221
3.92141
4.36843
3.69742
4.19194
4.06214
4.14753
4.17812
4.35672
4.44609
3.82107
4.17895
3.83942
3.8322
3.41572
4.02947
4.10658
3.82737
4.54397
4.41959
4.30361
3.99949
3.83703
3.9697
4.32747
3.90073
4.29956
4.00676
4.23264
4.50329
3.95935
4.023
4.14658
4.61724
4.32733
4.02759
3.92811
4.13652
4.10944
4.051
3.88954
4.57081
4.28512
4.26789
4.23779
3.89911
3.95121
4.28661
4.22137
4.31306
3.95355
3.89912
4.45814
3.56209
4.41691
4.57743
4.15428
4.37959
4.26645
4.40481
4.10429
3.75313
4.05925
4.29887
3.90232
4.01348
3.97157
4.27516
4.33807
4.244
4.12192
4.37107
4.11812
4.13111
3.89545
3.87741
4.25632
3.95574
3.96978
4.05281
3.79275
4.32027
4.30593
4.3407
4.13399
3.78638
4.30888
4.41272
4.04052
4.22454
4.33285
4.33495
3.9612
4.20812
3.93809
3.59108
4.07562
4.46201
4.35983
3.94859
3.85008
4.353
4.2655
4.41577
4.52662
4.47358
4.40353
4.49554
4.38375
4.09868
4.11626
4.57618
4.81593
3.73637
4.11686
4.27506
4.92057
4.23659
4.14294
3.88149
4.36696
4.3822
4.48748
4.20654
4.10368
4.32074
4.24829
4.37618
3.76109
3.65102
4.30494
3.89386
3.899
4.23505
4.1744
4.53121
3.8933
4.14884
4.29461
4.41248
4.48538
4.13123
3.98482
4.27346
4.23171
4.24811
4.09133
4.07236
4.12952
4.03949
4.02326
4.354
4.04891
4.15271
4.29066
4.32372
4.24026
3.96667
3.95414
3.93269
4.06916
3.72571
4.00942
3.94221
4.36569
4.26679
4.43336
4.34824
3.8005
3.91155
4.17652
4.32915
4.10177
4.08147
4.28964
4.45662
4.04986
4.09192
3.91911
4.15471
4.11137
3.98923
4.2962
3.68217
3.82654
4.59972
4.13893
4.03778
3.82714
4.16325
3.85221
3.95787
4.27092
4.29532
3.84917
4.29079
4.22158
4.27133
3.86106
4.16696
4.34163
3.81178
4.24446
4.08198
3.97965
4.24062
4.32702
4.05854
3.80151
3.83152
3.97419
4.48608
4.16288
4.21319
4.15579
4.38267
4.02039
4.04432
4.52625
4.08687
4.02459
4.02792
4.0552
4.44164
4.39805
4.04792
4.14272
4.15142
3.70527
3.8689
3.97547
4.23526
4.4268
4.2432
3.87856
4.39462
3.95707
4.29706
4.44543
4.29858
4.46853
3.90939
4.46052
4.20561
3.9591
4.50858
4.5042
4.28706
4.40666
4.43226
3.98227
4.01991
4.5679
4.5752
4.05143
4.48316
4.35919
4.17716
4.51511
4.40638
4.49653
4.35039
4.48094
4.40098
4.06926
4.116
3.91707
4.34449
4.09772
4.08906
3.73021
3.62629
4.30465
3.84255
4.00796
4.13305
4.21625
3.76269
3.61926
3.93141
3.78503
3.5923
4.23717
4.16471
3.71223
4.12997
4.08827
4.06327
4.13316
4.41536
4.02092
3.72096
4.43622
4.0485
4.09406
4.22539
3.73966
4.30158
4.10125
3.9637
3.77445
4.0475
4.16942
3.82652
4.03186
3.89489
3.57978
4.00262
4.15261
3.67228
4.04246
3.69055
4.08166
4.01198
3.96319
4.62035
3.9033
4.55963
4.25062
3.86095
4.3446
4.23478
4.47649
3.94802
4.08838
3.72658
3.86658
4.09877
3.96234
4.02525
3.67548
4.35256
4.17459
4.31984
3.66958
4.36475
4.18511
4.11174
4.20148
4.24952
4.14792
4.0633
4.03033
4.03808
3.84298
4.0227
4.23426
4.56398
4.33757
4.20254
4.02265
3.6535
3.90187
4.31334
3.98079
4.05259
4.04459
3.61165
4.16198
3.76883
4.13545
3.82601
3.87769
4.0099
3.92551
4.15048
4.02448
4.26844
3.87112
3.72521
3.92692
4.0516
3.96978
4.04003
3.73538
4.04564
4.41044
4.41409
3.96858
4.30184
4.21412
4.41331
4.37535
4.00441
4.5512
4.276
3.81248
3.98306
4.33505
4.42112
4.12436
4.11662
4.38134
4.58768
3.99648
4.21217
4.20653
4.2558
4.44775
4.01705
3.89107
4.10089
4.1831
4.02871
4.06325
3.60499
4.16631
4.17703
3.70782
3.83572
3.95556
3.6547
3.99876
3.98199
4.00551
4.30563
4.03426
3.94325
4.11749
4.10969
3.76647
3.99874
4.3656
3.95299
4.00412
4.42065
3.8469
3.90152
3.8769
4.00568
4.13802
4.12972
4.46763
4.08197
4.09421
4.18579
3.88728
3.74721
3.86415
4.03016
3.89778
3.75808
3.92714
3.90578
3.93402
3.81044
3.88715
4.07834
3.91059
3.65263
3.59922
3.8105
3.66254
3.60652
3.75666
3.84486
3.69027
3.66343
3.80902
4.00928
3.86462
4.06236
4.08536
4.05187
4.17328
4.12637
3.64245
3.96217
3.65097
3.63251
4.07927
4.32548
4.02487
4.03902
4.03348
3.95698
3.83095
4.13415
3.89601
3.94006
3.88462
4.15475
4.21577
3.62231
3.6594
4.32283
4.03642
3.90666
4.06369
3.82735
3.72945
3.79763
3.77591
4.11152
4.06897
3.88616
3.88461
4.11847
3.80017
4.08376
4.40289
3.79386
4.13811
4.25747
3.82837
3.91478
3.72463
4.09826
3.75092
3.95352
3.74023
4.12871
4.21464
4.20129
3.92376
4.11594
4.14835
4.17493
4.01752
4.13498
3.84255
3.72514
4.31767
3.87941
3.84509
4.44979
4.12771
4.1766
3.92716
4.17233
3.93882
3.85214
3.73596
3.98912
3.98937
4.2075
4.36712
4.08845
3.99061
4.20394
4.14854
4.43782
3.86478
4.39753
4.21691
3.81456
4.31844
3.93408
3.63125
4.28759
4.34422
4.53607
4.54329
4.49791
4.39371
4.31789
3.83592
4.18607
4.38248
4.05665
4.53994
3.9913
4.17734
3.96588
4.53553
4.18035
4.13865
4.15739
4.23648
3.88283
4.23718
3.98057
4.34146
4.41811
4.18742
3.92817
4.05864
4.6425
4.23184
4.7278
4.5061
4.3941
4.38294
4.20431
4.45274
4.73629
4.1692
4.1085
4.4199
4.34745
4.38976
4.07435
4.57375
4.35732
4.56301
4.41514
3.86419
4.55214
3.81066
4.09272
4.25976
4.1463
3.83574
3.96336
4.0231
3.84058
4.11439
4.04878
4.1889
3.67399
3.47309
3.70688
4.16513
4.20161
4.13238
4.14456
3.81587
4.00752
4.28453
4.12844
3.92574
4.18489
4.13908
3.91302
4.26147
3.78581
4.31059
3.87444
4.22654
4.37767
4.01173
4.07569
4.14635
4.21877
4.30013
3.82168
4.33565
4.05315
4.3519
4.08251
3.886
3.98906
3.74895
3.69489
4.36087
4.32924
4.36754
4.19196
3.66476
4.51177
4.05602
4.45077
4.3173
4.32243
4.33897
4.07655
3.88891
4.1111
4.02214
3.74746
3.5699
4.55009
4.03799
4.03502
4.28518
4.34969
4.1233
4.39066
4.20485
4.2688
3.94735
4.29308
4.52929
4.19421
4.06026
3.92898
4.56263
4.11152
3.64344
3.72863
3.97892
4.33764
4.31861
4.21111
4.2708
4.69343
4.2689
4.11497
4.59968
4.16622
4.0886
4.07312
4.60597
4.2703
4.31439
4.13242
4.46566
4.10297
4.4345
4.41175
4.29112
4.33264
4.30724
4.23542
4.14011
4.37113
4.23552
4.34821
4.09297
4.35169
3.63313
3.71043
4.19688
4.17519
4.41943
4.28543
4.55256
4.27643
4.52569
3.90692
4.32878
4.50739
4.43056
4.65357
4.1747
4.10625
4.26013
3.79932
4.26808
4.32019
4.34766
4.23039
3.92247
4.39004
4.12491
4.04532
3.9535
4.00358
4.19783
3.96886
4.10798
3.95452
4.11979
3.98603
4.28946
4.06113
3.88247
4.04962
3.80077
4.12679
4.16858
3.87432
4.03239
4.03131
3.88526
4.39671
4.17333
4.04609
3.93667
4.16524
4.55103
4.00096
4.35641
4.19223
4.71655
4.07516
4.06789
3.96334
4.09086
4.02679
3.88225
3.91568
4.13897
3.99603
4.07702
3.71733
3.65614
3.77886
3.81871
3.88857
4.02638
3.80773
4.30645
4.01437
4.08594
4.03057
3.91999
4.36227
4.13624
4.03269
3.91859
4.14295
4.09032
3.77976
4.0595
4.11069
4.12903
4.13632
4.336
4.32054
3.86253
3.86829
3.95884
4.21395
3.95242
3.80119
4.16895
4.04986
3.92039
3.59928
4.02723
3.83922
4.12816
4.02424
4.49779
4.39137
3.93055
4.30503
4.12952
4.06649
3.98817
3.88298
4.20337
3.93318
3.84384
3.87389
4.14345
4.11642
4.26867
3.8306
4.05077
4.27633
3.98786
4.22807
4.17668
3.98157
4.43985
3.85941
4.13201
4.22055
3.89169
3.89513
4.28279
4.03659
4.2559
3.83049
4.23513
4.20843
3.80699
4.54844
3.94967
3.92696
4.32939
4.19348
3.69153
3.75705
3.91701
4.25577
4.23925
4.21851
3.92264
3.70039
3.89514
3.88288
3.81368
3.81605
3.82897
3.88083
4.17751
4.28873
4.08304
3.93747
3.77132
4.08422
4.19729
3.96499
4.28353
4.20165
4.12713
4.07343
4.32731
4.13755
4.07825
3.90389
3.94188
4.18888
4.20009
4.09416
3.68673
4.07994
4.01922
4.00676
3.56859
4.17024
4.12078
4.07968
4.19017
3.77545
4.23992
4.01824
4.13439
4.32475
4.34345
4.2034
4.45787
4.14021
4.095
4.10191
3.81951
4.3385
3.76543
4.02965
4.10891
4.04326
4.13505
3.98189
4.36392
4.30506
3.9768
4.39467
3.78528
3.83816
4.08779
4.31854
4.19136
3.86871
3.89309
3.85149
4.01727
3.83286
4.45068
4.18186
4.51722
4.35916
4.06892
3.93473
4.41487
4.11901
3.96666
3.95759
4.0423
4.26266
4.23582
4.18788
4.15842
4.04613
3.99913
4.11424
4.12801
3.7707
4.21015
3.88398
4.55299
4.16477
4.19827
4.21442
3.77032
3.75691
4.43698
4.12889
4.19603
3.91699
4.01807
4.13038
3.85708
3.94302
3.87803
4.37368
4.154
4.31675
3.97297
4.40939
3.88144
4.15059
4.12471
3.87085
4.05388
4.14404
4.23392
4.17553
4.33755
4.57299
4.33754
4.10526
4.50426
4.30455
3.85082
4.0906
4.33347
4.09704
4.32471
3.85992
4.17574
4.33912
4.00707
4.07164
4.05935
4.11838
3.88782
4.17111
4.18684
3.99562
4.30798
4.18933
4.42009
4.62894
4.47181
4.39988
4.27156
4.14097
3.99391
4.48976
4.31539
4.18662
4.20632
4.41887
4.28848
3.74965
3.87901
4.80623
3.87588
4.30384
4.07406
4.24454
4.33523
4.14706
4.14919
3.99232
3.99545
3.954
4.14217
4.29783
3.83377
3.81681
4.40104
4.03238
3.56501
3.94999
4.10386
4.43271
4.40658
3.95145
4.21985
4.34371
3.97294
3.92723
4.15028
3.81509
4.28057
3.64542
4.57403
4.23127
4.66632
4.18131
3.83809
4.15682
4.48094
4.16097
3.81407
4.45737
4.14912
4.50461
4.43186
4.44927
4.28772
4.00721
4.56504
4.27929
4.55817
4.01736
3.91253
3.88607
4.1909
4.39679
4.21471
4.25135
4.06763
4.34244
3.8106
3.88443
4.46241
4.13838
4.3117
4.39047
4.63607
4.12159
3.84989
4.24074
3.95083
4.328
3.99899
3.86155
4.08737
4.28761
4.01643
4.22322
3.84453
4.15532
4.2053
3.7992
4.17616
4.08446
4.25388
4.27743
4.38199
4.01153
4.41623
3.577
3.57739
3.89556
4.28424
4.22461
4.68617
4.26752
4.39865
3.95997
4.29122
4.29565
4.10051
4.24546
4.50149
4.20711
4.18455
4.08298
4.25216
4.41549
3.72396
3.86452
4.37073
4.19858
4.42194
4.90474
4.62876
4.31496
4.23501
4.38216
4.0346
4.61207
4.16627
4.46854
4.51172
4.09168
4.44843
4.2805
3.99524
4.37558
4.16878
4.18093
4.62796
4.17478
4.17311
4.58325
3.81922
4.33255
4.04764
4.04104
4.3335
4.35634
4.10368
4.28451
4.38634
4.36886
4.31964
4.61323
3.96229
3.77105
4.01362
3.93565
4.06813
3.72264
4.16679
3.64605
4.28728
4.18317
4.40185
4.22673
3.68968
4.28061
3.97933
4.27865
3.87244
4.2347
4.27147
4.09721
4.13668
3.87819
4.11878
4.18112
4.0963
4.12258
4.18648
3.86906
4.16375
3.75791
4.02762
4.04212
3.73245
4.32461
3.78594
4.31624
4.24113
4.18523
4.48529
4.34218
4.13173
4.14156
3.71381
3.99433
4.30561
3.98813
4.41985
4.00424
4.00104
4.24574
3.87307
4.30815
4.18254
4.32262
4.03078
4.24216
3.93952
4.17814
3.90687
4.2383
4.12497
3.94578
4.22886
4.33078
4.06409
3.60761
3.9729
4.03548
4.22413
4.2314
3.89473
4.25664
3.94384
3.84579
4.09348
4.1993
4.0767
4.03782
4.08976
4.04744
3.90119
4.19593
3.99548
4.39266
3.91496
4.59168
4.09977
4.07918
3.94919
4.00604
4.29296
4.25738
3.82624
4.3175
4.50452
4.38631
4.14815
4.27485
4.45895
4.11028
4.30111
4.41485
4.23925
4.17183
4.03149
4.03214
4.02003
4.21116
4.0396
3.9917
4.23122
4.34107
4.01791
3.96306
3.94846
4.35956
4.23245
4.0427
4.10679
4.15783
4.3348
4.34761
4.25364
4.31329
4.0769
4.18491
4.43959
3.79899
3.92925
4.18108
4.01665
4.61282
4.20794
4.09892
3.84034
4.48149
4.26812
4.3823
