18.479
18.0425
17.9768
18.2539
17.747
17.9416
18.1694
18.0535
18.2262
18.163
18.3265
18.1985
18.3868
18.7919
18.3565
18.1302
18.5089
18.1284
17.9871
18.1286
18.2222
18.1177
18.0675
18.2071
18.4348
18.0934
18.2451
18.2617
18.1267
17.9793
18.0026
18.5052
18.1416
17.8796
18.2397
18.6002
18.5644
18.3447
18.105
18.4426
18.2936
17.8593
17.9466
18.0503
18.1025
18.1641
18.2475
18.1564
18.3246
18.0922
18.2001
17.9348
18.4682
18.6004
18.2337
17.9912
18.398
18.3001
18.0277
18.0769
18.5974
18.3972
18.4588
18.4332
18.1475
17.9574
18.1259
18.2729
18.2422
18.1718
18.3119
18.1053
18.7924
18.2659
18.3483
17.7448
18.3002
18.0957
17.8414
18.1502
17.8709
18.4168
18.6697
17.7653
18.0891
18.234
18.295
18.4298
18.0911
18.2483
17.7064
17.7488
18.0983
18.2757
18.414
18.0275
18.4129
17.9192
17.6282
18.0198
18.7832
18.3716
18.861
18.7837
18.3565
18.595
18.7126
18.376
18.2371
18.4143
17.6298
18.6419
18.5128
18.5631
18.7907
18.4453
18.4843
18.8913
17.9783
18.3928
17.9815
18.6427
18.8047
18.1575
18.4204
18.5261
18.4311
18.2515
18.591
18.3933
18.7196
18.1336
18.5702
18.4545
18.1771
18.3412
18.2366
18.0358
18.1709
18.6753
18.4751
18.2772
18.4217
18.3305
18.6062
18.6658
18.4517
18.5613
18.6297
18.7221
18.1782
18.5871
18.4752
18.5607
18.217
18.249
18.2787
18.6126
18.4097
18.4472
18.292
17.7653
18.5362
18.4641
18.2831
18.3437
18.5581
18.1249
18.5154
18.7803
17.9737
18.4425
18.1434
18.0589
18.5105
18.59
18.2211
18.4498
18.1178
18.4981
18.2504
18.3928
18.2864
18.7624
18.7076
18.4616
18.5622
18.3195
18.5734
18.3371
18.4262
18.9046
18.7271
18.1823
18.5852
17.9881
18.4594
18.4102
18.0769
18.4502
18.5626
18.1116
18.4114
18.3285
17.9604
17.8592
18.2846
18.1437
18.3443
18.2511
18.5724
18.4116
18.2655
18.0925
18.2881
17.8787
18.1935
18.1238
18.1288
18.3177
17.7976
18.2402
18.1732
18.365
18.2526
18.244
18.0368
18.3174
17.9098
18.1507
18.5037
17.9637
18.5553
18.1073
18.2574
18.2817
18.5158
18.3664
17.857
18.2424
18.647
18.4649
18.508
18.5445
17.7906
18.1318
18.0849
18.0457
18.4115
18.6999
18.241
18.4741
18.2673
17.9638
17.98
18.2747
18.7765
18.6354
17.794
18.7055
17.9527
18.1023
17.9353
18.3141
18.2398
18.1869
18.149
18.368
18.4418
18.0075
18.1537
17.9445
18.3342
18.0631
18.1038
18.2611
18.2667
18.1835
18.3175
18.1318
18.3734
18.6804
18.1231
18.2505
17.7848
18.2308
18.1919
18.324
18.2997
18.1621
18.4296
18.4166
18.2525
17.913
18.2458
17.9628
18.3904
18.1709
18.4246
18.5405
17.9689
18.3862
18.0149
18.2131
18.6781
18.5698
18.4145
17.9981
18.3173
18.8033
18.1775
18.1684
18.0122
18.3201
18.5952
18.55
18.4412
18.1476
18.6215
18.0609
18.2678
18.0982
18.0694
18.4315
17.73
17.9513
18.108
18.544
18.2967
18.4797
18.2982
17.6564
18.5135
18.1236
18.2084
18.0781
18.1712
18.7637
18.5308
18.552
18.3414
17.7532
18.126
18.3546
18.6158
18.1555
18.2952
18.5529
18.2768
18.1404
18.2608
18.2897
18.3932
18.4669
18.4678
18.5321
18.1254
18.205
18.5188
18.1452
18.5697
18.1973
18.472
18.665
18.3107
18.1162
18.2371
17.9417
17.9977
18.1519
18.7436
17.8135
18.3436
18.3619
18.0247
18.0462
18.4969
18.6941
18.2512
18.6365
18.0987
18.0733
17.7555
18.4012
18.5453
18.4935
18.2219
18.1773
18.1185
18.1129
18.6533
18.1719
18.3431
18.1303
18.2718
18.1212
18.359
18.1326
17.8427
18.1677
18.3483
18.4124
18.4089
18.176
17.9021
18.3248
18.1863
18.1947
18.8151
18.1836
18.2481
18.1216
18.3541
18.3453
18.3828
18.1251
18.1491
18.808
18.8606
17.779
18.1261
18.5184
18.2949
18.428
18.595
18.3685
17.9925
18.5115
17.9085
18.2088
18.4754
18.1784
18.6526
18.6411
18.2271
18.3088
18.1775
18.3334
18.3599
18.5343
18.111
18.2118
18.375
18.395
18.2682
18.5025
18.4651
18.3798
18.3358
18.0436
18.3534
17.9749
18.3001
17.5946
18.1283
18.3212
18.4432
18.1529
18.3255
18.3746
18.2512
18.1479
18.1281
18.1757
18.3161
18.0995
18.0823
18.4218
17.9849
18.4937
18.452
18.0974
18.6901
18.4263
18.2875
18.0494
18.0023
18.4428
18.1994
18.8617
18.2002
18.1808
18.2878
18.1581
18.1561
18.2951
17.7887
17.9102
18.499
18.0092
18.0803
18.3634
18.0761
18.6482
18.4236
18.3568
18.1422
18.0783
18.0806
18.3573
17.7473
18.0853
18.1987
18.6144
18.4578
18.0662
17.7958
18.3142
18.163
17.8615
17.7956
18.2114
17.8004
18.1235
18.2716
18.3514
17.573
18.0538
18.2157
17.9459
17.9841
18.266
18.1939
18.0679
17.8674
18.2466
18.1706
17.9131
18.0224
18.0767
18.1977
18.1617
18.1411
18.5744
18.1601
17.9261
18.0621
18.0696
18.0133
18.1132
18.3805
18.3424
18.1033
17.918
18.351
18.4573
18.3616
18.1374
18.7514
18.4534
18.6867
18.267
17.8979
18.1083
18.3595
17.8731
17.977
17.9048
18.2182
17.9767
17.8558
18.2169
18.2787
18.1547
18.4281
18.3049
18.2744
18.1752
18.1082
17.7187
18.1463
18.2215
18.2215
18.4501
18.3603
18.1556
18.3328
18.2595
18.2852
18.2556
17.9605
18.5403
17.8597
18.6113
17.9442
18.0666
18.1812
18.4973
18.7083
18.5722
17.9578
18.0732
18.1208
18.2949
18.246
18.3499
18.1142
18.1943
18.0942
17.7668
18.5418
18.2408
18.166
18.4692
18.3629
18.2586
18.0965
18.0786
18.5667
18.1515
18.3805
18.0818
18.7426
18.2684
18.2838
18.266
18.1709
18.1888
18.4192
18.4459
18.6242
18.499
18.2923
18.8428
18.4612
18.4351
18.4633
18.1053
18.3698
18.2547
18.4238
18.1411
18.2672
18.1115
18.2244
18.2881
18.381
18.6026
18.0937
18.2111
17.703
18.5119
17.9243
18.1153
18.5846
18.1258
18.198
18.6375
18.4851
18.2024
18.197
18.2193
18.3807
18.1784
18.3458
18.567
18.4159
18.1374
18.4415
18.465
18.0934
18.3393
18.6767
17.8838
18.39
18.4346
18.3819
18.3837
18.0632
18.2735
18.2398
18.2876
17.783
17.7363
18.2207
18.4023
18.1147
17.9241
18.2562
18.7935
17.8973
18.0892
18.1855
18.5799
18.3171
18.246
18.0453
18.5025
18.0239
18.4539
18.165
18.0366
18.3958
18.2421
18.1877
18.4124
18.4996
17.7473
17.9876
18.4297
18.2211
17.9457
18.0182
18.3733
18.205
17.9209
17.9157
18.1132
18.1455
18.048
18.4117
18.795
18.5529
17.9717
18.3694
18.12
18.3448
18.2173
18.2442
18.8249
17.8914
18.2464
18.223
18.2225
18.511
18.3526
18.5251
18.3047
18.2279
18.2567
18.2615
18.0947
18.0493
17.9567
17.7551
18.4628
18.1496
18.0316
18.1987
18.5413
17.8705
18.2075
18.5088
18.2024
18.5281
17.8192
18.0397
18.262
18.1589
18.6027
18.4207
18.2608
17.8978
18.2206
18.4095
17.8551
18.1984
18.2183
18.0281
18.0641
18.0926
18.0904
18.1092
18.1677
18.6703
17.9679
18.2422
17.8694
18.378
18.3123
18.2086
18.7053
18.112
18.2144
18.0625
18.0842
17.9836
18.039
17.982
18.3286
18.5039
18.0157
18.2217
18.0097
17.9446
17.7857
18.0119
18.3405
18.2622
17.9451
18.256
18.3647
18.0404
17.9941
18.4997
17.9846
17.6712
18.3102
18.1392
18.1921
18.2082
18.4233
18.2283
17.8689
18.0901
17.8648
18.3723
18.4568
17.7836
18.3351
18.187
17.9581
18.2779
18.654
17.9122
18.359
18.8123
18.2968
18.2799
18.1211
18.0874
18.1884
18.1613
18.3645
18.1088
18.1624
18.3768
18.4902
18.0711
18.4394
18.2079
17.7804
18.087
18.2226
18.3722
17.6871
17.6496
18.4559
18.037
18.1113
18.5716
18.2547
18.5795
18.1651
17.8415
17.9994
18.4349
17.9744
17.9395
18.0064
17.8019
18.1683
18.4617
17.939
18.5363
18.2468
18.5299
18.4877
18.1528
18.6363
18.6333
18.798
18.6991
18.543
18.5413
18.3645
18.3412
18.2333
18.3613
18.5855
18.5991
18.3628
18.631
18.1991
18.3267
18.5491
18.6223
18.6024
18.2471
18.5319
18.6422
18.6605
18.5257
17.9938
18.6024
18.6671
17.9503
18.48
18.5307
18.2905
18.6103
18.2531
18.3267
18.2248
18.1198
17.8831
18.5853
18.3495
18.6493
18.6612
19.0718
18.5025
18.559
18.506
17.842
18.5558
18.6987
18.591
18.5714
18.3281
18.2734
18.6168
18.3921
18.1897
18.8331
18.098
18.5737
18.1677
18.4398
18.4427
18.3422
18.2637
18.6259
18.1816
18.6097
18.431
17.9501
19.0004
18.3925
18.152
18.4819
18.9286
18.0032
18.8331
18.3577
18.4453
18.2888
18.0568
18.1045
18.9018
18.5618
18.5079
18.2038
18.1479
18.3227
18.0253
17.6411
18.2253
18.1526
18.1111
18.6686
18.2807
18.3285
18.0174
17.7663
17.964
18.2852
17.7362
18.3764
18.5122
18.4414
18.3252
18.0337
17.8829
17.7952
18.2319
18.2036
18.3979
18.0182
18.3034
17.9616
18.4075
18.0974
18.1487
18.2781
17.898
18.0897
18.2908
17.9647
17.8644
18.1259
17.7978
18.1924
18.1575
18.3132
18.2258
17.6682
18.0691
18.2635
17.9587
18.1606
18.1441
17.7851
17.9185
18.1618
18.0928
18.1099
17.9356
18.09
17.9922
18.2721
17.9963
18.1097
18.0379
18.2215
18.1506
18.0357
17.8452
18.3638
18.2465
18.1994
18.2297
18.1756
18.4095
17.9925
18.069
18.1752
17.8489
17.8591
18.0686
18.1001
18.184
17.9735
18.208
17.8417
18.0449
17.9841
18.1106
18.2674
18.229
18.1966
18.1087
17.833
17.3595
18.1279
18.0967
18.6151
18.4125
18.4615
17.8902
18.3164
17.7766
18.2199
18.3554
18.1031
18.1984
18.2868
18.2489
17.9208
17.9228
18.2125
18.2366
18.1619
17.8483
18.371
18.2327
18.1396
18.0656
17.9575
18.2474
17.9887
18.1295
18.5588
18.2795
17.9124
18.1967
18.2066
18.0685
18.3796
18.1209
18.0504
18.3364
18.1263
18.1029
18.316
18.0493
18.6251
17.8815
18.2022
17.8535
18.0132
17.8397
18.2999
18.6808
18.5327
18.3245
18.1637
18.4428
18.1606
17.9577
18.3748
18.4682
18.5386
18.4195
18.0829
18.3691
18.2219
18.1505
18.1764
18.0927
18.2273
18.4666
18.155
18.4384
18.5706
18.2109
18.2956
17.8068
17.9917
17.9374
18.3403
18.0075
18.4561
18.4726
18.1796
18.1099
18.0727
18.2598
18.3669
18.4754
17.6587
18.34
18.0486
18.3131
18.0682
18.3573
17.8054
18.5187
18.0384
17.8178
18.2485
18.184
18.1494
18.4301
18.5508
17.9101
17.887
17.8973
18.2698
18.2896
18.0638
18.1298
18.3512
18.0997
18.3883
18.3194
17.963
18.0495
18.1641
17.9296
17.8868
18.0931
17.9297
18.4149
17.8514
18.0535
17.9947
18.1416
17.8611
18.3828
17.7392
17.6558
17.8224
18.5711
18.4005
18.4327
18.0625
18.2997
17.9126
18.1118
18.4136
18.4485
17.8888
17.7141
18.0173
17.943
17.8309
17.8587
17.9208
17.9633
18.1201
18.0125
17.9474
18.095
17.7264
18.2156
18.0139
18.3654
18.0679
18.1073
18.1845
17.8451
18.0327
18.1434
18.1634
17.97
18.2529
18.3567
18.3706
17.7542
18.4132
18.2133
18.1636
18.1829
17.8049
18.2822
18.1615
17.8266
18.0969
18.6309
18.0398
18.6223
18.2963
18.1528
17.9006
18.332
18.1924
18.2166
18.1687
18.3895
18.4557
17.9544
17.9682
17.9022
18.1175
17.8391
18.1647
17.9651
18.3731
18.1321
18.2761
18.2478
17.9303
18.0267
17.9688
17.859
17.9761
18.1247
18.1614
18.2628
18.0834
18.0922
17.9239
18.479
18.0885
17.9743
17.93
18.2942
18.2728
18.2744
17.8089
18.6109
17.9938
18.3593
18.0483
18.2404
18.2972
18.0204
18.2117
17.8345
18.0991
18.2411
18.2511
17.6464
18.3962
18.1475
17.9664
18.4324
17.9085
18.0955
18.5039
17.453
18.5022
18.0261
18.1865
18.2554
17.9876
18.3135
17.7787
17.5632
18.4552
18.6203
18.3906
18.0244
18.1318
18.3971
18.1131
18.239
18.3994
18.6863
18.5229
18.1037
18.3824
18.0481
17.9856
18.429
18.1899
18.2754
18.5665
18.4366
18.329
18.173
18.4095
18.9848
18.5587
18.5255
18.3246
18.3452
18.2133
18.004
18.3198
18.7711
18.5685
18.473
18.2735
18.6735
18.1663
17.9855
18.2458
18.5622
18.6373
17.9951
18.6538
18.4976
18.6035
18.6015
18.3985
18.5334
18.7497
18.1981
18.6889
18.4059
18.6318
18.4302
18.5487
18.7846
18.6124
18.2749
18.3216
17.7214
18.3665
18.4726
18.5459
18.6015
17.8962
18.3669
18.7104
18.2527
17.9663
18.1875
18.2735
18.4315
18.3718
18.0923
18.6114
18.7434
18.5747
18.2324
18.315
18.3637
18.4583
18.1372
18.2954
18.1144
18.3017
18.5378
18.3271
18.628
18.3176
18.3239
18.6447
18.6402
18.6025
18.5091
18.4989
18.4447
18.3022
18.5106
18.5517
18.0119
18.3872
18.3904
18.6992
18.2168
18.4687
18.1284
18.3703
18.4912
18.1572
18.4244
18.2234
18.2319
18.3259
18.4137
18.1843
18.2345
18.2331
18.5339
18.4892
18.2264
18.4141
18.4945
18.6057
18.3837
18.2013
17.98
18.4211
18.4765
18.6553
18.2807
18.1645
18.7783
18.3625
18.3951
18.2748
18.386
18.249
18.3241
18.3841
18.0991
18.01
18.326
18.1163
17.9331
18.2968
18.3787
18.656
18.4172
17.5112
18.7484
18.4511
18.1183
17.7093
18.4994
18.3706
18.6171
18.4867
18.2404
18.8482
18.6667
18.5816
18.3601
18.2136
18.5992
18.0911
18.386
17.9568
18.2293
18.5357
18.428
18.6215
18.3658
18.4562
18.4662
18.5161
18.6012
18.1479
18.2247
18.7481
18.0838
18.5559
18.3972
18.1192
18.4648
18.6737
18.3405
18.5646
18.5819
18.23
18.0035
18.6904
18.561
18.602
18.0245
18.307
18.4659
18.2095
18.3503
18.276
18.4715
18.3347
18.2772
18.5819
18.4858
17.958
18.6596
18.5685
18.5626
18.1762
17.9888
18.1003
18.3624
18.3012
18.4008
18.5684
18.4521
18.5302
18.1879
18.2545
18.4648
18.187
18.6428
18.4002
18.5388
18.5414
18.3789
18.4643
18.4779
18.5615
18.1619
18.6293
18.277
18.4953
18.464
18.0967
17.8759
18.2099
18.0266
18.3254
18.6746
18.4644
18.1788
18.1284
18.3091
18.3669
18.2235
18.1208
18.3939
18.2959
18.4696
17.9814
18.4362
18.5179
18.5325
18.689
18.5093
18.1678
18.3053
18.4018
18.2558
18.2305
18.3444
18.255
18.2915
18.7815
17.8084
18.1372
18.4031
18.3038
18.5037
18.2364
18.2725
18.5052
18.527
18.6694
18.1904
18.5106
18.5095
18.5262
18.0992
18.3258
18.3443
18.2925
18.4567
18.2662
18.5739
18.5709
18.1872
18.1975
18.3634
18.332
18.6013
18.4945
17.979
18.3847
18.1968
18.7844
18.458
18.3248
18.221
18.3425
18.2111
18.3451
18.5638
18.2671
18.0612
18.3889
18.1948
17.8596
18.1475
18.5003
18.7645
18.3072
18.274
18.118
18.4743
18.6182
18.3032
18.4297
18.4266
18.98
18.1878
18.462
18.3929
18.0965
18.485
18.4731
18.4183
18.3838
18.3648
18.4798
18.3195
18.4372
18.5444
18.2414
18.5059
18.4326
18.0338
18.3925
18.1767
18.5033
18.1095
18.251
18.2287
18.4334
18.6106
18.4004
18.119
18.2898
18.4937
18.0709
18.0534
18.1766
18.6318
18.4705
18.4375
17.9982
18.271
18.4618
18.4683
18.1811
17.9368
18.2308
18.198
18.3168
18.0329
18.2329
17.9358
18.1882
18.0479
18.0255
18.4814
18.5473
18.0103
18.0768
18.0267
18.277
18.3895
18.1426
18.3556
18.3308
17.9701
18.0003
18.135
18.4945
18.5087
18.1123
18.4421
18.1485
17.8425
18.2315
18.3599
18.582
18.5681
18.2738
18.122
18.5581
18.5152
17.924
18.3569
18.3454
18.2265
18.1332
18.2366
18.1217
18.306
18.1999
18.5301
18.4369
18.5461
18.6239
18.2401
18.3708
18.5216
18.6005
18.3477
18.0628
18.4052
18.1723
18.3855
18.1496
18.3538
18.3165
18.3097
18.3277
18.4343
18.4059
18.4545
18.3522
18.0162
18.1679
18.2528
18.0418
18.4513
18.5535
18.3529
18.0249
18.1247
18.2676
17.8967
17.8944
18.0316
18.5392
18.3709
18.3352
18.3395
18.4328
18.0059
18.4839
18.3214
18.341
18.3902
18.1317
18.3366
18.3068
18.0029
18.3346
18.4796
18.1802
18.296
17.908
18.1031
18.4072
17.9851
18.7495
17.9739
18.4033
18.631
17.9581
17.7403
18.3121
18.4633
18.5073
18.3212
18.0782
18.4222
18.1146
17.9092
17.9745
18.0327
18.3947
18.5088
18.1723
18.4717
18.4146
18.6636
18.1864
18.4513
18.2825
18.4377
18.1786
18.3659
18.0319
18.5831
17.8453
18.5241
18.816
18.2798
18.4438
18.0416
18.0859
18.6884
18.2955
18.5713
18.3905
18.2541
18.3214
18.3155
17.8647
17.9998
18.0285
18.0987
18.6331
18.5534
18.3942
18.4475
18.292
18.2303
18.3137
18.4724
18.3631
18.1104
18.5724
18.3523
18.3633
18.4999
18.2242
18.3984
18.1813
18.4145
17.7339
18.1936
18.0966
18.0946
17.8416
18.4253
18.1217
17.927
18.3099
18.3272
18.2257
18.0577
18.133
18.5274
18.3775
18.542
18.2813
18.2718
17.9427
18.0503
18.184
18.5905
18.0136
18.136
18.3201
18.0272
18.5446
18.0238
18.3606
18.1798
18.4077
18.2554
18.3159
18.4792
18.4455
18.5412
18.1886
18.5431
18.4426
18.0031
18.209
18.2219
18.5537
18.0557
18.3335
18.2655
18.1818
18.2137
18.3655
18.0251
18.2636
18.5359
18.3342
18.5248
17.9527
18.122
18.0143
18.1406
18.0646
17.9463
18.0016
18.2679
18.5677
18.0335
18.2013
18.2414
17.7185
18.2069
17.7743
18.0299
18.334
17.8317
18.075
18.1519
18.1143
18.0173
18.2605
18.277
17.8233
18.0854
17.9061
17.8742
18.3346
18.3549
18.1955
18.1467
17.6751
17.8694
18.2789
18.1336
18.0537
18.2104
17.9997
18.2318
17.8092
17.813
17.782
18.3408
17.8766
18.3375
17.9383
18.0363
18.0624
18.2234
18.0243
17.8446
18.3203
18.2419
18.4409
18.435
18.1672
18.3474
18.3575
18.0607
18.2304
18.3582
17.897
18.052
17.8432
18.4155
18.3405
18.006
18.2453
17.9121
18.0242
18.1604
17.9679
18.0229
17.8015
18.1406
17.9303
18.3767
18.3458
18.1179
18.2283
18.4165
17.9459
18.5731
18.4521
18.3343
18.0316
18.4709
18.2752
18.1386
17.9795
18.4852
18.2372
17.9425
17.7867
17.8255
18.4019
18.1979
17.9736
18.7108
18.6181
17.8928
18.2463
18.2284
18.0946
18.4782
18.0447
18.5527
18.4011
18.1012
18.0594
18.3343
17.9982
18.1385
18.393
18.1109
17.8646
18.4579
18.1493
18.2501
18.1535
18.6693
17.9589
17.8371
17.9683
18.5867
18.3891
18.3624
18.0435
17.9574
18.5725
18.1609
18.2679
18.3845
18.1703
18.2925
17.7925
17.9324
18.1957
18.5859
18.1462
18.3614
18.254
18.0967
18.0992
18.5008
18.4166
18.3188
18.4942
18.2418
18.2125
18.0814
18.0175
18.1302
17.9401
18.4043
18.0695
18.1473
17.948
17.8663
18.2828
18.607
17.9536
18.4165
18.1063
18.4881
17.9916
18.1939
18.3378
18.7315
18.3381
18.3949
18.3503
18.2332
18.473
17.865
18.1074
18.1296
18.4506
18.4267
18.3111
18.1478
18.2505
18.1734
18.1862
18.422
18.3189
18.4153
17.9245
18.4575
18.5755
18.5821
18.288
18.7912
18.4627
17.9702
18.2124
18.449
18.4885
18.1993
18.164
18.528
18.5571
18.1812
18.1568
18.3709
17.8985
18.1198
18.3685
18.2686
18.3736
18.3668
18.2434
18.0204
18.3055
18.6534
18.2224
17.9924
18.4636
18.354
18.502
17.9252
18.1687
18.5799
18.6065
18.0858
18.2287
18.1848
17.9081
18.5006
18.2729
18.3798
18.2685
18.3413
18.0815
18.3303
18.5778
17.9088
18.5767
18.6174
18.6399
18.2101
18.5795
17.9471
18.1813
17.9971
18.2445
18.4991
18.3481
18.5731
18.221
18.6596
18.4363
17.873
18.2265
18.4656
18.3601
18.1481
18.4898
18.6498
18.3774
18.2249
18.2744
18.3229
18.3965
18.4317
18.0659
17.9517
18.3303
18.4288
18.3779
18.3809
18.5192
18.3277
18.6848
18.2933
18.5256
18.1917
18.2227
18.0791
18.577
18.19
18.5041
18.3385
18.4102
18.3283
18.4883
18.5125
18.5315
18.2058
18.3043
18.5267
18.4492
18.4497
18.15
18.102
18.1161
18.8191
18.3843
18.4743
18.2608
18.5594
18.1581
18.2604
18.6097
18.3774
18.3523
18.4021
17.9507
18.3211
18.6574
18.5626
18.1833
18.8253
18.4579
18.5757
18.4215
18.5901
18.4795
18.5235
18.1334
18.6049
18.2737
18.5385
18.6954
18.6008
18.1407
18.9495
18.1186
18.5491
18.2958
18.8271
18.677
18.7151
18.5719
18.4077
18.9804
18.0702
18.4784
18.2844
18.4442
18.5281
18.4068
18.2628
18.6469
18.75
18.5314
18.4353
18.7846
18.5946
18.2287
18.8277
17.9773
17.786
18.6356
18.4622
18.4116
18.1659
18.2142
18.6256
18.6918
18.6499
18.4024
18.6744
18.5765
18.3455
18.2287
19.0357
18.7405
18.488
18.6122
18.8079
18.4797
18.6201
18.366
17.9923
18.7317
18.3456
18.5545
18.8299
18.4093
18.5952
18.2155
18.1977
18.8846
18.0198
18.4419
17.8934
17.3909
18.0008
18.08
17.9792
18.165
18.3177
18.1928
17.8651
18.2348
18.2324
18.2594
17.9849
18.5664
18.013
17.7924
17.8975
18.11
18.3904
17.8436
17.8996
17.7571
17.9851
18.2279
17.7314
18.2201
17.9425
18.3883
18.7131
17.8657
17.8953
17.5593
18.1526
17.732
18.1867
18.1947
18.5409
18.3525
18.0006
17.7498
18.1545
17.9994
18.2277
18.419
18.281
18.0318
18.3968
18.1158
18.1653
17.9776
18.1847
17.729
17.648
18.4396
17.6829
17.9739
17.9823
18.1551
18.5344
18.0955
18.1474
18.1636
18.3107
17.8449
18.1178
18.0759
18.0988
18.0525
17.8597
18.0111
17.8167
18.2439
18.5577
18.0405
18.2073
18.7115
17.9093
18.372
18.2071
18.1129
17.9463
18.2347
18.4655
18.3548
18.2078
18.3605
18.2421
18.1591
17.7993
18.3585
18.2126
18.3758
18.1487
18.0301
18.0488
18.0579
18.414
18.7961
18.6151
18.3866
18.5446
17.9334
18.2089
18.0538
18.2617
18.3373
18.3419
18.0331
18.4951
18.1748
18.151
18.3666
18.2231
18.3759
18.3941
18.4296
18.5971
18.3209
18.3924
18.1718
18.0541
18.2215
18.5999
18.422
18.3914
18.5473
18.0259
18.1224
18.5202
18.1923
18.4788
18.1895
18.4158
18.3291
17.9621
18.2775
18.2036
18.2834
17.7919
18.0104
18.6556
18.4035
18.4167
18.1381
18.0616
18.3816
18.2237
18.5378
17.9319
18.1778
18.8073
18.5667
18.5918
18.0495
18.2774
17.9328
17.9793
17.8298
18.2993
18.2485
18.4151
18.2447
18.5932
18.3735
18.0583
18.543
18.2063
18.1293
18.4351
17.9232
18.4232
18.1997
18.0973
17.8788
18.4058
17.8999
18.5216
18.5592
17.9384
18.0524
18.1199
18.0062
18.0064
18.1046
18.3734
18.4822
18.8398
18.3864
18.2797
18.2304
18.4627
18.5515
18.0497
17.9276
18.2572
18.2133
18.3217
18.1123
18.078
18.4073
18.3686
18.1741
18.6146
18.4356
18.2114
18.3898
18.2793
18.3685
18.2139
18.4409
18.328
18.4645
18.3005
17.8478
18.1518
17.6064
18.2265
18.174
17.754
18.1142
17.8365
17.8492
18.3409
17.9596
18.452
17.8874
18.0564
18.0625
17.7028
17.7108
18.1911
17.9904
18.0217
18.4002
17.939
18.2282
18.0291
18.0835
18.5644
18.1767
18.4179
18.3555
18.0857
17.6874
18.4273
18.4394
18.0269
18.0573
18.2046
18.3003
18.1066
18.3973
17.7089
18.1553
18.5602
18.1543
18.0797
18.3761
18.1467
18.0122
17.9983
18.2413
18.1984
17.6058
17.7249
18.1027
18.4796
18.4312
18.4858
18.2872
18.0779
18.168
18.2663
18.082
18.0694
18.1258
18.2703
18.1503
18.0798
18.3823
18.3746
18.1116
17.9698
18.1031
17.9284
18.1989
17.7564
17.8541
18.0199
18.3213
17.8563
18.0646
17.9619
17.6734
18.2095
18.4285
17.8596
18.4493
17.9906
18.0188
18.5087
17.9956
18.3196
17.6363
18.3137
18.0373
18.1477
18.4056
17.8381
18.1822
18.0799
18.0372
18.0086
17.8227
18.3758
18.1009
17.8476
17.8082
18.3635
18.1507
17.7477
17.5357
17.8495
17.503
18.0486
18.2874
18.1079
18.2282
18.1878
17.7343
17.9436
18.2714
18.1498
18.1998
17.9597
18.3178
17.7271
17.9231
18.1743
18.1008
18.3069
17.9464
18.4266
17.7453
18.0791
17.7492
17.9438
18.1738
17.9315
18.2176
18.0317
18.2505
18.1593
18.2666
18.1607
18.1657
18.2553
18.0325
18.4156
18.4651
18.5199
18.1596
17.7596
18.3555
18.0861
18.3424
18.0588
18.2214
18.1044
18.2443
18.3101
17.7905
18.2205
17.4644
17.8463
18.4268
18.4399
18.491
18.7863
18.1954
17.9741
18.4386
18.7456
18.2871
18.019
17.7956
18.4374
18.0551
18.4168
18.1129
18.2277
18.3656
18.4734
18.2551
18.1166
17.9541
18.0756
18.0119
18.2337
18.0631
18.1603
18.1378
18.0678
18.5682
18.603
17.922
18.24
18.1828
18.2904
18.2613
18.0869
17.8842
18.0542
18.3307
18.189
18.5072
17.9888
18.367
18.3416
18.3408
18.0225
18.6409
18.1347
18.3238
18.2071
18.1891
17.8633
18.0502
18.0632
17.8487
18.2862
18.4091
17.8629
18.0887
18.2892
18.6719
18.1753
18.199
18.0272
18.165
18.1652
18.0604
18.2907
18.3705
17.9289
18.4765
18.2847
18.3832
18.1065
18.2758
18.5779
18.1793
18.0339
18.7562
18.1983
18.3416
17.8857
18.148
18.0476
18.2713
18.1937
18.0852
18.1915
18.5524
18.6022
18.7497
18.2835
18.6254
18.1317
17.9718
18.0298
18.1185
18.4871
18.3605
18.4351
18.4213
18.3673
18.4164
18.415
18.1378
18.1392
18.2492
18.2677
18.3894
18.6827
18.0381
17.9779
18.0655
18.0801
18.3608
18.4341
18.0328
18.0465
18.2735
18.4595
18.0894
18.598
18.1669
18.2958
18.1579
18.0168
18.6543
18.3766
18.1736
18.1479
18.6754
18.2466
18.2616
18.4328
18.4556
17.9584
18.2377
17.9093
18.1806
17.7764
18.4645
18.5381
18.2265
18.1692
18.3975
18.2532
18.0068
18.5062
18.2583
17.9316
18.5309
18.4605
18.2827
18.3342
18.3726
17.8617
18.4524
18.1507
18.1816
18.6196
17.9619
17.9797
18.3029
18.0965
18.5332
18.2874
18.4789
18.4526
18.3431
18.2002
18.1104
17.9562
18.2134
18.6594
18.5384
18.4985
18.3498
17.8458
18.161
18.1448
18.0642
18.2894
17.807
18.0361
18.4457
17.8631
18.0255
17.9388
18.1591
18.0847
18.1123
18.3703
18.4167
18.1894
18.0442
18.1179
17.6053
18.0579
18.244
17.9027
18.0224
18.2165
18.0844
17.8627
18.3914
18.0046
17.985
18.1306
17.7447
18.4189
18.0785
17.9873
17.9654
18.1235
17.9727
18.1602
18.0389
18.3774
18.106
18.252
18.0128
17.9331
18.01
17.9258
18.081
17.9064
18.237
18.0012
18.3515
17.89
18.2165
18.2433
18.2279
18.0157
17.9632
18.006
18.0567
17.876
18.1634
18.4606
18.0466
18.3222
18.1061
17.8711
18.5909
18.1749
18.4425
18.5855
18.6036
18.1838
18.5267
18.3958
18.3548
17.952
18.2572
18.4911
19.0528
18.2249
17.5549
18.1583
18.0131
18.4289
17.8532
18.2853
18.2716
18.5048
18.1448
17.9576
18.2288
18.6236
18.3487
18.194
18.0843
18.0895
18.2408
18.2146
18.0165
18.2979
18.5003
18.3231
18.1125
18.2131
18.2312
18.0701
18.0864
18.5004
18.0067
18.1454
18.0677
18.5821
18.593
18.2489
18.1566
18.5677
18.3074
18.4837
18.2869
18.0328
18.4019
18.2435
18.3251
18.3784
18.671
18.1229
18.0625
18.25
18.0091
18.3007
18.299
18.3562
18.4235
18.2107
18.1405
18.6531
18.2616
18.6204
18.0565
18.3434
18.5818
18.3783
18.2956
18.1187
18.3159
18.465
18.2289
18.893
18.8056
18.3243
17.8615
17.7566
18.0569
18.2396
18.2524
18.1295
18.4587
18.088
18.2936
18.4951
18.2978
17.9565
18.5022
18.5358
18.213
18.5141
18.6791
18.5046
18.1753
18.2862
18.1945
18.3327
18.5141
18.3853
18.4779
18.6907
18.6842
18.4449
18.3434
18.0051
18.363
18.4331
18.5579
18.4564
18.0061
18.2645
18.4281
18.2571
18.2753
18.2983
18.4202
17.9907
17.9961
18.1626
18.0558
18.1387
17.9814
18.3254
17.9379
18.0111
18.2377
18.1286
18.4858
18.3224
17.9603
17.931
18.3084
18.4426
17.8991
18.2523
18.5689
18.1054
18.209
18.1664
18.1306
18.3057
17.7565
18.2546
18.0145
18.0503
18.0261
18.2236
18.2868
17.9567
18.0056
18.4733
18.3486
18.6908
17.6644
18.0177
18.3568
18.3671
17.9614
18.3678
18.4103
18.3
18.3319
18.0618
17.9446
18.2093
18.2013
18.2678
18.6371
18.2837
18.23
18.0243
18.3663
18.0882
18.4094
18.1893
18.4172
18.4446
18.2049
17.7268
18.3104
18.2446
18.5762
18.0439
18.0052
18.3783
18.1166
18.1851
17.7937
18.3788
18.2743
18.2543
18.4594
18.3686
18.1975
17.962
18.0867
18.3026
17.9157
18.2
18.5483
17.9241
17.8095
18.5413
18.4565
18.1615
18.5652
18.1283
18.0819
18.4719
18.0335
18.4799
17.9896
18.4496
18.2392
18.1448
18.3052
18.2259
18.0813
18.61
17.8032
18.3257
18.0322
18.1726
18.2838
18.4319
18.0613
18.3264
18.2182
18.6114
18.4863
18.0148
18.1819
18.4352
17.854
18.5497
18.3658
18.1667
18.5032
18.1499
18.6044
18.2574
18.1255
18.0846
18.2971
17.9311
17.9643
18.1656
18.2992
18.2811
17.9623
18.5897
18.4323
18.2306
18.2427
18.1677
18.4602
17.8916
18.5799
18.9799
18.2813
18.0287
18.5281
18.2262
18.0772
18.1925
18.2649
18.1167
18.2615
18.2281
17.8443
18.1953
17.8746
18.4456
18.1944
18.2069
17.7796
18.4679
18.2318
18.2292
17.8899
17.9417
17.9167
18.7119
17.9477
18.0678
18.3253
18.376
18.5154
18.3518
18.2119
18.3314
18.1793
17.9602
18.1
18.266
18.0394
18.2187
18.7291
18.1159
17.9941
18.0463
17.717
18.4884
18.5508
18.3688
18.5033
18.3168
18.3972
18.3608
18.3753
18.3155
18.236
18.6868
17.9705
18.4826
18.6017
18.4742
18.9047
18.27
18.1703
18.0729
18.5159
18.4509
18.4661
18.5518
18.318
18.236
18.1695
18.249
18.1977
17.9641
18.29
18.7079
18.3773
18.0944
18.5541
18.1687
18.2908
18.3588
18.4909
18.2691
18.4145
18.2322
18.1914
18.6909
18.3698
18.186
18.6991
18.1321
18.1334
18.2856
18.4132
18.1343
18.3657
18.5212
18.343
18.3669
18.4642
18.087
18.0726
18.2375
17.9899
17.735
17.6974
17.971
18.1677
17.9322
18.1075
17.7557
18.1333
18.1984
18.1766
18.071
17.8744
17.8875
18.414
18.0538
17.8441
18.0323
18.2899
18.2311
18.1075
17.9519
18.3427
18.1587
18.1755
17.8409
18.168
17.9998
17.9966
18.2527
18.0173
17.9101
17.9253
18.0125
18.0427
17.814
17.8781
18.0619
18.0695
18.1226
17.8048
17.7436
18.3453
18.0657
18.228
17.6692
18.2116
18.0232
17.9575
17.5343
18.1022
18.078
17.7319
18.0148
18.0059
17.8221
17.7789
18.1889
18.4672
18.0952
18.2604
18.1481
18.7256
18.353
17.9262
18.4376
18.3626
18.3897
18.3082
18.1807
18.3514
18.8958
18.2535
18.2771
18.0318
18.0997
18.3997
18.3799
17.5599
18.3586
17.9615
18.2273
18.0766
18.2106
18.3127
18.4759
18.3061
18.5065
18.0907
18.5082
18.261
18.4279
18.1805
18.215
17.9968
18.0596
18.259
18.2488
18.1282
18.4302
18.5217
18.3707
18.5044
18.5244
18.0241
18.1969
18.3716
18.4078
18.409
17.9667
18.1516
18.3799
18.3512
18.1699
18.1474
18.0275
17.9298
18.2594
18.1434
18.5957
18.0141
18.1592
17.8766
18.0515
18.3323
17.9466
18.318
18.2414
17.747
18.0804
17.677
18.2969
17.8237
17.9592
17.7616
18.0828
17.6946
18.1092
17.6068
17.8603
17.8211
18.3397
18.7766
17.9935
18.4738
18.6688
17.9518
17.9222
18.1302
18.3183
17.954
18.222
18.239
18.1391
18.227
18.4169
18.011
18.5262
18.1036
18.082
17.6298
18.3614
18.1568
18.2116
18.3498
18.5444
18.0786
18.1269
18.1938
18.0602
18.2153
18.0929
18.9548
18.1988
18.2755
17.7633
18.2905
18.2626
18.1914
18.366
18.4434
18.2101
18.3054
18.0408
18.2686
18.1776
18.4466
18.4066
17.8946
18.3327
18.6081
18.1562
18.1796
18.104
18.0098
18.0584
18.1008
18.3496
18.0604
18.1458
18.428
18.2399
18.4008
18.5477
18.1219
17.9915
18.4818
18.3033
17.9885
17.8889
18.4375
18.5336
18.2585
18.0634
18.216
18.3237
18.0981
18.1651
18.4493
18.2253
18.1708
18.4783
18.1895
18.1884
18.1474
18.0538
18.5826
18.2438
18.1607
18.1909
18.1945
18.2854
17.9942
18.5825
18.637
18.1749
18.121
17.7967
17.8059
18.5397
18.2415
18.4177
17.7792
17.948
18.4543
18.3076
18.0919
17.7413
18.2026
18.2226
18.1774
18.4751
18.3702
18.5086
18.1931
18.1259
18.4362
18.3437
18.3765
18.1074
18.1023
18.1876
18.4268
18.0831
18.2986
18.6686
18.5823
18.3009
18.3849
17.9546
17.9601
18.2593
18.5548
18.3633
18.2463
18.2331
18.4126
18.1832
18.1042
18.1255
18.5362
18.3315
18.2751
18.3006
18.1244
18.1391
18.6391
18.6844
18.1101
18.2082
18.0254
18.011
17.9452
18.3426
18.3179
18.3847
17.9054
18.5234
18.0322
18.0245
17.9895
18.1425
17.865
18.5768
18.5332
18.3302
18.4076
18.2998
18.2488
18.6417
18.3234
18.0369
18.0728
18.0821
18.5776
18.3597
18.1759
18.3426
18.4334
18.4872
18.0877
18.3469
18.3643
18.2931
18.2014
18.4058
18.4144
18.1163
18.2765
18.2217
18.1305
18.172
18.52
18.6083
18.1003
18.4124
18.2174
18.0916
18.3502
18.4443
18.2169
18.69
18.4388
18.3999
18.3428
18.5951
18.6961
18.7001
18.3447
17.9443
18.4773
18.1646
18.1835
18.4471
18.685
18.4171
18.827
18.5365
18.561
18.3517
18.2401
18.4409
18.5785
18.7632
18.0134
18.2788
18.5798
18.2353
17.6505
18.5838
18.274
18.4024
18.3731
18.5693
18.9151
18.2064
18.7764
18.3161
18.6398
18.0387
18.2695
18.6468
18.5716
18.2226
18.4501
18.2182
18.5895
18.3167
18.1962
18.5705
18.2569
18.2734
18.712
18.4507
18.2301
18.2301
18.7019
18.3284
18.3679
18.2201
18.6362
18.5486
18.5206
18.1299
18.2449
18.3525
18.5418
18.718
18.4141
18.3591
18.0794
18.3851
18.171
18.6214
18.6267
18.082
18.2132
18.1968
18.2313
18.3673
18.1887
18.2186
18.3238
18.5777
18.6642
18.174
18.3113
18.4585
18.1764
18.2192
18.6178
18.6019
18.3423
18.0448
18.3136
18.1783
18.6283
18.4376
17.8529
18.2641
18.5062
18.1395
18.3172
18.1677
17.7691
18.2137
18.4967
18.1924
18.1282
17.9754
18.0627
18.1457
18.0633
17.9545
18.1827
18.1901
18.3893
18.3636
18.1812
18.0772
18.2219
18.1922
18.5831
18.8081
18.1796
18.1506
18.2451
18.3613
18.5001
17.8876
18.1355
18.116
18.2555
18.3477
17.9991
18.2181
18.6443
18.5487
18.0455
18.4514
18.516
18.5022
18.4583
18.0214
18.4591
18.202
18.1949
18.2336
18.3262
18.3647
18.2207
18.2138
18.0298
17.9889
17.701
18.2259
18.2362
18.2558
18.3829
18.278
18.3596
17.7912
17.8499
18.0683
18.0642
17.99
18.0347
17.9433
18.579
17.8451
18.0598
18.1716
17.9872
18.0765
17.8155
18.1742
18.5011
17.9566
18.0671
18.8068
18.3375
18.1714
18.2751
17.9619
18.3715
18.0818
18.1405
18.0804
17.7631
18.3922
18.1009
17.6753
17.788
17.9761
18.2564
17.9949
18.5019
18.707
18.5877
18.4971
18.1757
18.1677
18.253
18.4493
18.3932
18.3114
18.0104
18.3628
18.0936
18.2435
18.106
18.0606
18.7233
18.5943
18.1021
18.3146
18.094
18.0423
18.2379
18.2593
17.9116
18.35
18.2412
18.1271
18.4322
18.1533
18.3226
17.7994
17.8254
18.3697
18.4458
18.2237
18.0705
18.1849
17.9442
18.3112
18.0801
18.2968
17.9631
17.9943
18.186
17.899
18.2471
18.7023
18.2397
17.9768
18.1501
18.2015
17.8694
18.0802
18.3989
18.1129
18.173
17.9944
18.1206
18.1787
18.4551
17.7158
18.4541
18.2797
18.3852
17.9822
18.2432
17.9724
18.2771
18.1719
18.2159
18.2081
18.3906
17.7284
18.1473
18.2907
18.0383
18.2101
18.4373
17.9512
18.367
18.1627
18.0953
18.2014
18.0909
18.0761
18.0943
18.3682
18.2527
18.7005
18.036
18.363
18.1061
18.6228
18.1284
18.0149
18.3341
18.3799
18.3227
18.1877
18.2739
18.0921
18.205
18.1237
18.2832
18.3277
18.1706
17.6396
18.2655
18.184
18.3255
18.2919
18.206
18.4365
18.0481
18.4521
18.0176
18.028
18.1873
18.0388
17.9165
18.463
18.046
17.8723
18.1118
18.1403
18.4457
18.3275
18.2984
17.9787
18.4002
17.8238
18.2295
18.477
18.4415
18.0645
18.7999
17.9848
18.0103
18.3003
18.3744
18.5626
18.5901
18.1141
18.409
18.6108
18.5494
18.4225
18.2952
18.6275
18.4801
18.7122
18.3757
18.7549
18.2238
18.6534
18.5904
18.2341
18.3349
18.6379
18.1968
18.6379
18.5779
18.4923
18.3312
17.9578
18.3389
18.1679
18.1346
18.5419
18.467
18.7754
18.3852
18.1778
18.5862
18.5214
18.625
18.4374
18.6126
18.7392
18.5368
18.2237
18.6097
18.4229
18.4449
18.5061
18.3321
18.4968
18.5271
18.5596
18.3052
18.363
18.2791
18.5162
18.1351
18.2632
18.2707
17.9048
17.9828
18.7552
18.4415
18.6671
18.1827
18.0466
18.4917
18.4185
18.4255
18.2667
18.4259
17.8706
18.1781
18.2329
17.8983
17.9962
18.4268
18.2497
18.6385
18.4248
18.392
18.3675
18.181
18.2341
18.6886
18.3303
18.2896
18.2162
18.5932
18.1606
18.6315
18.3761
17.9415
18.2538
18.3539
18.4785
18.2088
18.3327
18.2813
17.9453
18.1699
18.3788
18.251
18.2611
18.4915
18.4048
18.2988
18.2472
18.1
18.3702
18.3485
18.6463
18.3573
17.9804
18.2814
18.0696
18.8116
18.2419
18.2499
18.227
18.2454
18.0058
18.362
18.003
18.3468
18.3244
18.2245
18.2129
18.2905
18.0948
18.1991
18.2959
18.1661
17.9628
18.0891
18.1501
18.3843
18.2555
18.5358
18.1209
18.6557
17.9687
18.3187
18.2019
18.1637
18.3987
18.6521
18.4841
18.4671
18.8167
18.5425
18.2597
18.1425
18.4941
18.2592
18.1862
18.4922
18.5104
18.1646
18.1177
18.5412
18.5075
18.1439
18.7489
18.302
18.6582
18.2494
18.7301
18.2136
18.3574
18.2748
18.4665
18.6416
18.4792
18.6665
18.2016
18.1802
18.4188
18.4604
18.2503
17.757
18.1336
18.1817
17.9434
17.9853
18.5336
18.0137
18.2223
18.6421
18.3923
18.289
18.2222
18.0131
18.3817
18.2183
18.3488
18.1625
18.4582
17.9067
18.1984
18.2123
18.449
18.1007
17.9575
18.1698
18.3289
18.3696
18.2934
18.161
18.4227
18.2729
18.0206
18.2032
18.0236
17.7378
18.1281
18.2951
18.31
17.564
18.4025
17.6757
18.0533
18.2657
17.8537
17.8654
17.9414
18.351
18.096
18.1626
17.9099
18.1221
18.1565
18.2771
18.3456
17.7964
18.0913
17.53
17.8999
17.7325
18.254
18.1699
17.6574
18.4207
18.2834
17.9781
18.0066
18.0258
18.0522
17.8168
18.2973
18.4384
17.7666
17.8318
18.0711
18.1182
17.8208
18.7111
18.0371
18.0636
18.1554
18.2206
18.395
18.3867
18.0166
18.0262
18.0968
18.5164
18.2969
18.3602
18.5756
18.1571
18.1358
18.1544
18.0278
18.1343
17.8563
18.2659
18.1921
17.9347
18.2189
18.1347
18.3161
18.6209
17.8344
17.8834
18.3778
18.5282
17.9747
17.9298
18.371
18.1998
17.9374
18.4689
18.0358
18.3049
18.6107
18.527
18.1943
18.2604
18.4019
18.3035
17.8645
18.4566
17.9441
18.7996
18.5908
18.1754
18.4142
18.0416
18.4757
18.4775
18.464
17.929
18.2101
18.2649
17.9457
18.473
18.3296
18.1483
18.003
18.0684
18.6458
18.3664
18.4829
18.2547
18.3289
18.7732
18.3181
18.4717
18.0536
18.375
18.0231
17.9724
18.5089
18.3319
18.3282
17.8845
18.1206
18.1001
18.3092
17.8031
18.2734
18.7376
18.0347
18.3951
18.2172
18.1765
18.3323
18.1066
18.442
18.274
18.301
18.5769
18.3561
18.3409
18.197
18.5316
18.45
18.0564
17.8668
18.1853
18.2125
18.7508
18.3733
18.5905
18.4382
18.0621
18.1811
18.2148
18.1104
18.0781
18.3201
18.1688
18.6293
17.8072
18.1557
18.777
18.555
18.5118
18.3112
18.0707
18.4222
18.3947
18.595
18.2126
18.4577
18.0384
18.0887
18.1915
17.8095
18.3058
18.4616
18.2424
18.127
18.4263
18.3388
17.9595
18.1386
17.8568
18.2237
18.2854
18.0365
18.8489
18.7083
18.0793
18.4261
18.2944
17.9251
17.7057
18.1071
18.512
18.1713
18.0385
17.8722
18.0673
18.2786
18.2418
18.009
18.3467
17.7669
17.9033
18.0489
18.2227
18.0443
17.8547
18.0318
18.2502
18.2632
18.2679
18.1934
18.3271
17.8803
18.321
17.9389
18.1387
18.4719
18.3868
18.385
18.4464
18.0945
18.2603
18.0882
18.3642
17.7722
18.486
17.8998
18.1754
18.4551
18.2644
18.526
18.3186
18.429
18.0476
18.2267
18.1915
18.0937
18.681
18.2725
18.293
18.4455
18.3255
18.3109
18.6645
18.2249
18.1995
18.1526
18.37
18.2728
18.6971
18.2571
18.6305
18.5793
18.5662
17.9137
18.5912
18.1264
18.1512
18.0802
18.5791
18.2721
18.4531
18.4411
18.3372
18.067
18.3682
18.4159
18.1308
18.0919
18.1629
18.0816
18.3384
18.0674
18.2311
18.3727
18.3003
18.557
18.254
18.3581
17.9882
18.3787
18.3485
18.3101
18.6007
18.1114
18.1249
18.1069
18.2373
17.7897
17.7642
18.0847
17.9927
18.1021
18.1645
18.3806
18.6712
18.2005
18.1882
18.1234
17.8246
18.176
18.1532
18.1325
18.23
18.0817
18.1551
18.3702
18.4665
18.2216
18.1849
18.3348
18.1437
18.4394
18.1562
18.4297
18.3254
18.4513
18.1209
18.106
17.9766
18.127
17.8151
17.957
18.2201
17.5895
17.8709
18.1607
17.7533
18.1524
18.4422
17.6599
17.8078
17.7833
17.8783
17.9167
17.927
18.0147
18.2474
18.089
18.3057
18.3734
17.6624
17.9252
18.1974
17.6482
17.8522
18.0156
18.1546
18.2055
18.3791
18.1004
17.8527
18.3628
18.415
18.4413
18.1019
18.2345
18.5108
17.9057
18.4559
18.4327
18.2744
17.9613
18.1342
18.156
17.8885
18.0843
18.1948
17.8999
18.659
18.2402
18.0313
18.1809
18.2804
18.5128
18.4329
18.4704
18.6487
18.3948
18.4352
17.9731
18.1585
18.6875
18.0321
18.1251
18.0303
17.867
17.9256
18.0149
18.122
18.0514
18.4422
17.9736
18.0698
18.345
18.2894
18.2794
18.6539
18.3878
18.2209
18.0577
18.1355
18.1049
18.2968
18.1724
18.3377
18.2022
17.9916
18.0212
17.9313
18.5611
17.8855
18.3494
18.4426
18.4919
18.0179
18.6557
17.9134
18.026
18.6399
18.3947
18.5542
18.0123
18.5241
18.2264
18.569
18.789
18.7266
18.3748
18.2167
18.6512
18.1133
18.5044
18.7858
18.215
18.7046
18.3913
18.3731
18.0958
18.2757
18.7046
18.4908
17.9755
18.6489
18.2835
18.303
18.3222
18.6951
18.537
18.1009
18.2867
18.0818
18.5357
18.5226
18.2938
18.3527
18.5228
18.571
18.4296
18.4274
18.5278
18.7769
18.6463
18.0416
17.9751
17.7968
18.2701
18.2714
18.2719
18.2409
18.1643
17.9074
18.5437
17.905
18.3609
18.3599
18.361
18.2033
18.368
18.4899
18.3644
18.1277
18.3394
18.4913
18.2756
18.1134
18.4107
18.4651
18.2569
18.4134
17.7617
18.2169
18.4094
18.4662
18.3778
18.2681
18.3189
18.4343
18.0943
18.1378
17.8333
18.1076
18.4101
18.3027
18.3016
18.3779
18.2992
18.3501
18.288
18.4644
17.7608
18.4834
18.2989
17.9578
17.9837
17.9487
18.2424
18.4671
18.2132
18.2845
18.1068
18.1012
18.3059
18.4384
17.9621
18.545
18.2053
18.1392
18.2357
18.3472
18.0709
17.9648
18.1358
18.0115
18.0209
18.1653
18.0149
17.9172
18.6184
18.0689
18.4541
17.8421
18.0648
18.3089
18.048
17.8062
18.1907
18.4133
17.8579
18.8376
18.3297
18.3014
18.2458
17.8345
18.3739
18.469
17.9666
18.4126
18.2642
18.5883
18.5821
18.2991
18.0163
18.1776
17.8825
18.1049
18.1643
18.3641
18.3296
18.0947
18.1189
18.5702
18.4243
18.8352
18.0593
18.1972
18.1993
18.2416
18.4174
18.141
18.4218
18.4592
18.1762
18.2994
18.2544
18.438
18.3871
18.3531
18.2088
18.2737
18.2963
18.2088
18.2974
18.6729
18.6724
17.9812
18.1249
18.4738
18.0307
18.4327
18.5265
18.7075
18.0836
18.2553
18.3523
18.2637
17.9811
18.2646
18.5584
18.184
17.8951
18.0972
18.5089
18.1565
18.8716
18.3573
18.1443
18.1537
18.4711
17.8114
18.5678
18.5128
18.1573
18.4352
18.6344
18.1688
18.2296
18.1729
17.8669
17.799
17.8551
17.9403
18.073
18.2481
18.1044
18.0342
18.1483
18.0898
18.3545
18.3919
18.0123
17.8302
18.1797
18.316
18.1544
18.0116
18.1984
18.263
17.8696
17.7998
17.9891
18.2685
18.2288
17.8332
17.6628
18.2322
17.7746
17.7563
18.5523
18.1906
18.1939
18.0712
18.2067
18.0936
17.9635
18.0642
18.3006
18.2619
18.4319
18.3628
18.1808
18.239
18.2814
18.5728
18.3789
18.6585
17.9707
18.5798
18.17
18.3091
18.2697
17.7885
18.1054
18.4015
18.2992
18.1447
17.944
17.9008
18.1236
17.954
17.9446
18.2674
18.2303
18.2678
18.5154
18.198
18.4078
18.5035
18.3338
18.1136
18.3186
18.0979
18.6027
18.2589
18.4318
18.1155
18.4495
18.0324
18.5009
18.2335
18.4387
18.2442
18.2613
18.3805
18.2253
18.5039
18.6105
18.3595
18.1966
18.3644
18.2912
18.262
18.4345
18.2905
17.8995
18.3731
18.2911
18.2189
18.2097
18.4776
18.1065
18.4572
18.2618
18.2158
18.2135
18.3523
18.4427
18.2366
18.3466
18.7214
17.893
18.097
18.4837
18.1953
18.4878
18.5841
17.9483
18.354
18.2909
18.27
18.1979
18.1003
18.3529
18.27
18.2441
18.2157
18.2424
18.3541
18.3064
18.5792
18.4347
18.3747
18.2017
17.9783
18.5901
18.3625
18.2238
17.99
18.0943
18.3324
18.1275
18.2126
18.3925
18.1644
17.9707
18.3647
18.1658
18.7813
18.6374
18.0851
18.2426
17.9161
18.0906
18.2548
17.9905
17.8966
18.3191
18.2048
18.0243
17.6849
17.9774
17.9257
18.4604
18.4781
18.3522
17.8666
18.497
17.9365
18.2607
18.0354
18.0494
17.84
18.791
18.4022
18.5446
18.2452
18.403
18.3865
17.9935
18.2777
18.3455
18.5703
18.1725
18.1124
18.5015
17.853
18.0076
