8.97796
9.07277
8.117
9.12457
8.96731
9.40044
8.95131
9.41483
8.96777
9.11265
9.28665
9.04448
9.08758
8.86428
8.85971
8.93041
8.86301
9.38531
9.08566
8.99037
9.17869
8.63328
8.98631
8.80421
8.88242
9.08201
9.18561
9.05913
8.91963
8.93085
8.78213
8.95951
8.97501
8.96252
8.96754
8.94345
9.35936
8.98705
8.90019
9.41406
8.97776
8.94215
8.63413
8.9428
8.95298
8.91602
8.84711
8.59917
9.07005
9.02655
8.8276
9.15994
9.09811
8.71036
9.12872
9.08516
8.99381
8.91041
9.16409
8.98047
8.69395
9.07542
8.88746
9.05896
9.1128
8.69495
8.9747
8.84358
8.91161
9.04782
9.2955
9.06171
9.03001
9.34601
8.84479
9.3043
8.77232
9.26643
9.212
8.99919
9.20691
9.08922
9.15739
9.18264
8.97776
9.17795
8.98459
9.38215
8.84312
9.31027
9.06298
9.09462
8.94192
8.75059
9.39146
8.98806
9.10071
9.09959
9.20486
9.27451
8.59595
8.67673
9.18764
9.12353
9.08749
9.38388
8.98801
9.12467
9.42703
9.36328
8.67988
8.90974
8.87715
9.26392
9.06536
9.21696
9.11309
9.02085
9.04492
8.69722
8.74919
9.20618
9.15247
8.97399
9.03566
9.23962
9.12181
9.00946
9.36216
8.92509
9.01037
8.9349
8.85618
9.83259
9.0455
9.17936
9.1703
9.3554
8.99432
8.5743
9.24953
9.04621
9.22065
9.38712
9.1566
9.1122
9.10707
9.41746
8.91114
9.20584
8.98522
9.62891
8.85319
9.34008
8.88204
9.03892
9.36662
9.04096
9.23025
9.19864
8.88461
9.06095
9.32387
9.01109
9.04775
9.28871
9.01963
9.00818
9.32693
9.13999
9.2464
9.07909
8.94118
9.08846
9.58509
8.66803
8.88883
9.20827
8.94758
8.42829
9.36361
9.29121
9.23232
9.11925
9.30293
9.23016
9.13428
9.37041
9.09373
9.51477
9.05256
9.39484
9.17887
9.06004
9.13704
9.16422
9.00187
9.04201
9.28659
9.06736
8.79135
9.10599
9.13687
8.83675
9.08851
8.88064
9.36996
9.07971
9.25366
8.98446
8.97106
8.9078
9.46081
8.95556
9.15191
8.84052
9.26633
9.35881
9.05749
8.77206
8.70817
9.00649
9.18022
9.03113
9.02109
9.15865
9.05373
9.07785
8.95916
8.57055
9.34207
9.31721
8.84984
8.93415
8.87729
9.15027
8.84586
9.26106
9.18412
9.02295
9.07304
9.0487
9.04222
8.76638
8.64783
9.19578
8.90436
9.16499
9.07354
9.05197
9.13141
8.82058
9.43192
9.17754
9.09101
9.13873
9.36262
9.1207
8.89473
9.30738
8.98087
9.01487
9.32688
9.25622
9.39734
9.23131
8.99586
9.06324
9.08998
9.37809
9.66419
8.82134
9.1318
9.54089
9.08124
8.94787
8.94097
9.21469
9.48292
9.38882
9.26914
8.97186
9.34169
9.24223
9.47033
9.09197
9.22482
9.09687
8.98038
9.21157
9.19133
8.89986
9.38683
9.24529
9.11163
9.05414
9.01439
8.76843
9.01159
8.4964
8.79736
8.84882
8.94772
9.14068
8.78979
8.57985
8.73953
9.05945
9.17549
9.09819
9.03911
9.08813
9.091
8.89973
8.98119
8.91891
9.10599
8.92158
9.08035
8.91973
8.99355
8.49639
8.84088
9.05466
8.85687
8.8092
9.31793
8.96085
8.59121
9.10186
9.36706
9.12442
9.18071
8.83101
8.675
9.07371
8.96693
8.59319
8.7727
8.63668
8.82639
9.14407
8.94208
8.82399
8.94886
8.98462
8.87733
8.51695
9.1045
9.28477
8.94422
8.96341
9.16865
8.61775
8.63254
8.87879
8.93813
8.91639
8.39762
8.6717
8.90634
8.89444
8.97667
8.61386
8.86758
9.16551
8.71702
8.86346
8.67989
8.64576
9.06429
9.01635
9.0639
8.95983
8.93789
9.13083
9.16828
8.87444
8.95777
8.97416
9.13223
8.91048
8.83862
8.48381
8.69051
9.4325
9.14946
9.29601
9.38851
8.66894
9.05331
9.00225
8.76436
9.19836
9.23644
9.09093
9.29947
9.06335
9.52063
9.14876
9.11803
9.25549
9.39037
9.30726
9.18827
9.22396
9.16678
9.09058
8.96527
9.21386
8.80215
9.04145
9.26246
9.3156
9.11611
9.00478
9.29164
9.42636
8.95818
9.31051
9.22855
9.33594
9.17133
9.45761
8.86171
9.45294
8.88505
9.02214
9.15924
8.81142
8.98488
9.10296
9.0881
9.27034
9.23917
9.54633
9.23946
9.28257
8.74987
9.17792
8.74455
9.60741
9.21135
9.42917
9.53062
9.3391
8.96729
9.31268
9.42638
9.22509
8.94104
9.25155
9.15077
9.48801
8.83934
9.3787
9.18974
9.06737
9.48999
9.27331
9.12916
9.33459
9.27057
9.09899
9.31023
9.22597
9.13148
9.2476
9.30875
9.11404
8.97754
9.49093
9.3357
9.36511
9.1393
8.93239
9.53037
9.44834
9.14884
9.24224
8.96035
9.16775
9.33512
9.27007
9.7284
9.08045
9.41146
9.05425
9.40361
8.7392
9.43873
9.11178
9.16625
8.99846
8.75382
9.2415
9.19205
9.01842
9.02123
9.21376
9.0353
9.18163
8.66616
8.74553
9.00088
9.09229
8.89408
9.21505
8.87028
9.10995
9.19266
8.93166
8.86876
8.63467
8.98984
9.08147
9.03239
9.13248
8.87401
8.9073
8.79342
8.81472
9.14073
9.06132
8.8763
9.16675
8.76777
9.64564
8.87488
8.61072
9.60418
9.12777
8.82066
9.19996
8.97705
9.27126
9.12265
8.80834
9.29403
9.01277
9.15286
9.23092
9.20091
8.89647
8.59554
9.22438
8.52867
9.19948
8.98853
9.13055
9.66056
8.85432
9.19022
9.41163
9.30133
9.13573
9.12112
8.8553
9.154
9.35266
9.1746
8.91359
9.32325
9.40076
9.11039
8.77639
9.18323
8.83809
8.93067
9.13375
8.99687
9.14467
9.25748
9.08015
9.08189
9.01711
9.34165
9.22807
9.26957
8.8261
8.65075
9.03114
8.99481
8.74117
9.07013
8.65008
8.93102
8.9043
8.87107
9.05978
9.239
8.677
9.08648
8.71915
8.72059
8.99246
9.38978
9.14415
8.7948
9.0946
9.23694
8.81344
8.78147
8.85024
8.4384
8.95937
8.84552
8.83603
9.08181
9.25554
8.73538
9.18333
8.67066
8.70579
8.50457
8.78117
8.6465
8.83393
8.75401
8.51364
9.12243
8.88542
8.74936
8.8027
8.78093
8.88467
8.795
8.79521
9.02843
9.00801
9.33663
8.71192
8.87532
8.97463
8.82508
8.76783
9.2364
9.05291
8.83536
8.85607
8.99551
8.60075
8.81732
8.96625
8.41647
9.01896
8.91299
8.79243
8.96763
8.85507
8.77319
8.94221
9.06067
8.78762
8.9315
8.74191
8.91186
8.62183
9.11
8.82578
9.09474
9.11821
8.92936
8.98998
9.26106
8.82636
9.13295
8.80593
9.46254
8.91572
9.3618
9.24465
9.06048
9.32038
8.9414
9.2679
8.90233
9.04138
8.78271
8.95739
8.98574
9.31338
9.67682
9.10276
9.51904
9.21482
9.01428
9.09732
9.36312
8.82661
9.01017
9.31393
9.29136
9.12688
8.61199
9.65498
8.94677
8.84246
8.81939
8.93055
9.52
9.0531
9.1063
9.31732
8.83693
8.87118
9.07662
9.18334
8.61209
9.42942
9.27904
8.4433
8.88799
8.90554
8.87431
9.15438
9.03085
8.8097
9.12167
9.04264
9.31887
8.73514
9.17909
9.03575
9.07592
9.0191
9.16584
9.21932
8.80748
9.26395
9.0845
9.40319
9.1136
9.24973
9.26129
9.45024
9.091
9.27678
9.27176
9.01825
9.29083
9.27456
8.9835
8.79165
8.98216
9.01926
8.87036
9.19054
9.42196
9.0457
9.42764
9.2934
9.53253
9.34415
9.14942
9.02852
9.23099
9.01446
9.26459
8.88926
9.41114
9.20756
9.3087
9.16689
9.14637
9.12556
9.38319
9.19391
8.83144
8.9861
8.2536
9.10056
9.4382
9.66724
9.30314
9.29832
9.17335
9.27934
9.03304
9.49479
9.03029
9.12452
8.83782
9.38937
9.19766
8.71462
8.87446
8.76141
9.01382
9.35452
8.91038
9.28132
8.81589
8.77165
9.08535
9.11151
9.00781
9.1732
9.47405
9.40815
9.01873
9.08056
9.1949
9.42592
8.77664
9.05891
9.27723
8.71504
8.97863
9.169
9.05695
9.26736
8.83532
9.07968
9.09692
8.91169
9.2035
8.88121
9.16049
8.73045
8.82872
9.47815
9.16647
9.1615
8.80335
9.18065
9.24069
9.00881
9.06086
9.27031
9.00476
9.21854
8.86407
8.87151
8.94382
9.09335
8.74648
9.37484
8.86046
9.38087
8.89344
9.03725
9.07748
9.17016
9.49391
9.43039
9.44332
9.27085
8.86493
9.38295
8.86199
9.15626
9.12638
9.18609
9.22244
9.18363
9.02962
9.44589
9.38359
9.0438
8.99718
8.91302
9.14981
9.13986
9.26134
9.0316
9.0291
8.94876
8.91825
9.26058
8.9847
9.39694
9.25848
9.18405
9.15009
9.04196
9.28898
9.04665
9.33776
8.99402
9.06625
9.13919
9.34782
9.01633
8.94898
9.43035
8.8941
9.05783
9.33714
9.12535
9.11685
9.27885
9.16542
9.2572
9.04994
9.0903
9.38493
9.04657
8.88266
9.60124
8.83128
9.18344
8.57855
9.08056
9.06717
9.21353
9.358
9.10974
8.80282
8.97786
9.28527
9.40403
9.09581
9.0048
9.12348
9.26751
9.018
9.25114
8.93965
9.23994
9.6697
9.49236
9.14931
9.35863
8.88449
9.26776
9.22605
9.16093
8.78635
9.11228
9.26683
9.18945
9.01575
9.38929
9.37248
9.2775
9.31434
9.65279
9.08085
8.95484
9.5987
8.92252
9.27633
9.07942
9.25705
8.78969
8.83993
9.03604
9.17531
8.58515
9.0996
8.97611
9.30477
8.64449
8.88529
9.07842
8.94988
8.88032
8.88598
8.95164
8.88989
8.95804
9.54358
8.93848
9.21364
8.8222
9.20461
8.72488
8.91401
8.99116
8.79338
8.99336
9.0378
9.27335
9.18274
8.65687
9.07272
9.13082
8.84591
8.89194
8.94017
8.80757
9.41234
9.08495
8.88578
9.21692
8.88925
8.67389
8.72289
8.68083
8.88091
8.83015
9.28148
9.39339
8.85953
8.9938
9.44898
9.09555
8.98044
9.06243
8.97343
9.02402
8.9798
8.81952
8.9475
8.99715
9.21904
9.19126
9.30301
9.06725
9.00342
8.96379
9.19235
8.93667
9.17109
9.2651
8.71817
9.21597
9.39778
8.9095
9.03247
8.91802
8.83347
9.22581
9.43288
8.6025
8.62569
9.27298
8.92254
9.08663
8.97926
9.01161
9.02217
9.88893
9.05984
9.3778
8.838
9.321
8.80925
9.37922
9.18584
9.12993
9.02915
8.72827
9.16848
9.2967
9.37737
8.89
9.47924
9.09522
9.57305
9.45016
9.16277
9.28964
9.14359
9.29794
9.21288
9.1788
9.27087
8.90237
9.07428
9.0574
9.44086
8.90441
8.99002
9.62727
9.23197
8.95729
9.25749
9.23566
9.3297
9.37545
9.16542
9.19179
9.17055
8.78716
9.2425
8.8746
9.00871
8.91951
9.56106
9.13856
9.16399
9.255
9.37853
9.11086
8.85069
8.96554
9.3138
8.92123
9.29395
9.21185
9.4355
9.06242
8.48856
8.86245
9.5839
9.19909
8.8509
9.83583
9.65358
9.24966
9.71879
9.37984
8.98028
9.13518
9.16284
9.26437
9.41661
9.29392
9.31503
9.16107
9.53308
9.00802
9.08928
8.82038
8.82356
8.97003
9.00591
8.77941
8.93592
9.83295
9.39568
8.82587
8.96829
9.07668
9.22041
9.21016
8.94574
8.85517
9.28234
8.80159
9.18259
9.02666
9.25035
8.94796
8.84032
9.00182
9.07686
8.51789
8.83489
9.21333
9.32475
9.08335
9.06641
9.2197
9.56597
9.32935
9.30771
9.38747
8.53024
9.27861
9.37937
8.7944
9.38065
9.13643
8.90778
8.92253
9.05551
9.35098
9.24514
9.25284
8.97763
8.8095
8.88865
9.33834
8.86423
8.81554
9.50574
9.07196
9.09795
8.96076
9.39223
9.10848
8.83833
9.23741
9.53407
9.0731
9.00424
9.18309
9.3662
8.83177
9.1584
9.55546
9.18378
9.18924
9.25428
8.93504
9.04881
9.42983
9.15391
9.35266
9.44917
9.65491
8.91137
9.07026
9.45555
9.08528
9.47383
8.93273
9.42429
8.91384
9.11083
8.95563
9.01568
9.37502
9.41377
9.39442
9.17257
9.08597
8.78785
8.86138
8.91203
9.1231
8.87765
8.97523
9.10871
9.00541
9.37881
9.2027
9.13031
8.98201
8.96727
9.16409
8.79311
9.07286
8.77018
8.98465
9.1425
8.90811
9.07264
9.01419
9.05158
8.95502
8.81035
8.82805
9.07083
9.06312
8.49313
9.3066
8.87509
9.09107
9.22177
9.14468
8.54717
8.82058
9.01995
8.96444
9.18164
8.93437
8.8521
9.08616
9.04423
9.25159
9.14225
8.79218
9.04563
9.17827
8.85626
8.93979
9.18468
9.00821
9.0505
9.03454
8.9176
9.10462
9.24729
8.86258
8.6181
9.32676
8.78991
8.93024
8.75621
8.78757
9.12644
9.14814
9.23512
8.83869
8.97083
9.63263
9.36123
9.39227
9.37282
9.59715
9.35373
9.43581
9.42224
8.93934
9.49221
9.38888
8.91504
9.36359
9.3292
8.93557
9.31236
8.98122
8.88693
9.43715
9.45303
9.07788
9.08875
9.20371
9.08307
8.85538
9.10089
9.01239
9.07928
8.92433
9.22882
9.21854
8.89037
9.11751
8.85989
9.11668
8.90459
8.96296
9.30938
9.19584
8.90458
9.24148
9.10569
8.92474
8.63769
9.06699
8.57792
9.36468
9.15961
9.0764
9.18823
9.13426
9.18101
8.9969
8.97649
8.88015
8.97485
8.69984
8.94245
8.90933
9.1606
9.30761
9.17733
9.10144
9.18026
9.00955
9.15894
8.76616
8.85822
9.04492
9.04102
8.3676
9.33732
8.72757
9.00231
8.96666
9.4634
8.97167
8.638
9.35039
8.99001
8.97751
9.05727
8.85345
8.93274
8.91058
8.96573
9.16313
8.79386
8.97437
9.05796
9.16746
9.12207
9.35067
9.23961
8.47943
8.8221
8.8069
9.09295
8.87858
9.12969
9.34152
9.04714
8.80607
9.03006
9.0026
8.8672
8.45582
9.10236
8.99472
9.19682
8.76089
9.02679
8.8547
9.34763
8.90327
8.60561
8.54667
8.8799
8.7691
8.92292
8.64656
9.19501
9.1376
9.06742
9.24303
8.97819
8.84403
8.71189
9.02973
9.11416
8.68882
8.79337
8.77714
9.36716
9.00713
8.46856
8.9431
8.69351
8.68471
8.63898
8.80697
9.22132
8.74117
8.88166
8.9669
8.76435
8.73311
9.06689
9.07107
8.61804
9.04666
8.64526
9.09987
8.82534
8.60722
9.1293
9.25092
8.90469
8.70507
9.53552
9.48864
8.80095
9.24606
8.91284
9.13546
8.79006
9.00203
9.10362
8.93892
8.77239
8.95987
8.63731
8.85855
8.78325
8.87462
8.99467
9.20251
9.19595
8.45657
9.24439
9.09026
8.45927
9.1266
8.93675
8.99727
8.82936
8.91967
8.64901
9.09372
8.96181
8.91405
8.95405
8.76415
8.86814
9.00428
8.64172
8.86832
9.23755
9.11494
8.76767
8.7756
9.02006
9.10076
8.71463
9.33789
9.29965
9.35873
9.2149
9.25226
8.31103
8.93322
8.88164
8.44067
8.86618
9.44487
8.88285
9.13299
8.80905
9.10215
8.94392
8.7588
8.93242
8.68542
8.6512
9.11832
8.94591
8.54145
9.013
8.54655
8.755
9.06035
9.15009
8.9295
8.74431
9.03309
8.88556
8.96654
8.93198
8.83272
8.82625
9.06888
8.90639
8.97149
8.83803
8.78931
9.26251
9.06907
8.75532
9.04012
8.88607
8.98529
9.15186
9.29083
8.90987
9.16982
8.90558
8.76677
8.66006
9.48199
8.84129
8.78169
9.23072
8.92296
8.70818
8.9793
8.70298
9.04985
9.18243
8.96279
8.97338
9.42157
9.09433
9.07148
9.22618
9.18407
9.18151
8.77827
9.04267
9.06654
9.3219
9.13443
9.06678
9.3505
9.42513
9.32717
8.91317
9.15319
8.78088
8.93497
9.11874
9.33073
8.94553
8.93408
8.92784
9.14919
8.99577
9.09122
9.15726
9.25722
9.13137
9.13311
9.23759
8.93878
8.86647
8.8488
8.82233
9.12702
9.06463
9.2753
8.98966
9.12105
9.27405
9.02719
9.53575
8.75233
9.21171
9.20814
8.99385
8.96315
9.0595
8.82744
9.23406
9.3049
8.86984
9.41225
9.25715
9.38144
9.08807
8.60883
9.22612
8.96338
9.44518
9.14693
9.25087
9.19943
9.20258
9.32249
9.03557
9.38349
9.07939
9.04301
8.97089
8.9245
8.96929
9.44364
9.25829
9.1831
9.19249
9.6049
9.284
9.46488
9.11889
8.93924
9.50376
9.30568
9.28248
9.38651
8.86504
9.22535
9.05097
9.30987
9.09858
8.84818
9.34942
9.55911
9.26421
9.02126
9.31414
9.04713
9.54386
9.0966
9.75585
8.85727
9.04119
8.95806
9.15587
9.15704
9.6605
9.37224
9.56987
9.30085
9.27477
9.18184
9.24274
9.39463
9.12396
9.06623
9.20896
9.10604
9.46995
9.56761
8.90384
9.22475
9.50545
9.04237
8.97091
8.84299
9.21061
9.30286
9.56672
9.39901
9.09968
9.40525
9.41494
8.86815
9.24952
9.16625
9.11748
9.65606
9.58241
9.02861
9.40535
9.33882
9.32509
9.60512
9.54928
9.0987
9.17161
9.03798
9.14352
8.98455
9.45124
9.50774
9.0606
9.19068
9.38448
9.40403
8.98189
8.98582
9.30524
9.37142
8.815
9.08503
9.04014
8.95277
8.69124
8.87894
9.00732
9.11189
9.50944
8.95296
8.74799
8.91737
9.15971
9.25097
9.15193
8.65551
9.26668
9.2767
8.64837
8.88603
9.42918
8.97732
9.01368
8.92904
8.78142
8.88945
9.20933
8.80611
8.88599
8.84314
8.87313
9.02526
9.30996
8.77072
8.74909
8.84619
9.19937
8.81509
8.88389
9.11585
9.02405
8.8543
9.05236
8.91798
8.92077
8.82027
8.65508
8.67663
9.31121
8.65736
8.68391
9.26941
9.04031
9.22636
9.25305
9.03728
8.94446
9.22125
9.01756
8.70394
8.94174
8.94756
8.89114
9.2566
9.47784
9.01455
8.88111
9.22009
8.74251
9.15052
9.12722
8.98484
9.03026
9.01552
9.38319
8.51093
8.8704
9.15489
9.28036
9.18681
8.50511
9.26812
9.20576
8.89439
9.18579
9.20018
8.64223
9.11003
9.14809
9.21618
8.93402
9.00288
8.80182
9.11009
8.63408
8.90168
9.11786
9.29588
8.55172
9.06144
8.6658
9.24251
9.28098
9.26995
8.84577
9.19783
9.18329
9.4365
8.91269
9.22965
9.32149
8.96367
8.75779
9.00926
8.53739
9.22339
8.67448
8.71391
9.1013
8.88805
8.94614
9.22719
9.07437
9.02914
9.02844
9.01691
9.13626
8.83792
9.19733
9.5449
8.769
9.18756
9.19857
9.19896
8.87879
8.94186
9.26811
9.1
9.1637
9.10474
9.13664
8.76828
9.00455
9.31754
8.94786
8.91982
8.80641
9.02466
9.20145
9.43857
9.01267
9.06465
9.10621
9.00972
8.95985
8.96225
8.85357
9.19123
8.88778
9.0996
9.23429
8.91622
8.87746
8.84874
8.95723
9.29474
9.12533
8.87721
8.75559
8.8412
9.27707
9.01245
8.54621
8.88892
9.0946
9.06861
8.91306
9.17487
8.89481
8.92111
9.3617
9.03023
8.63962
9.249
9.2597
9.2521
8.89214
9.15493
8.93426
8.89612
8.97439
8.90292
8.92442
8.93132
9.20664
8.92623
9.1913
9.61575
9.25437
9.13246
9.40855
9.00079
8.96774
9.09476
8.89842
9.0466
8.9276
9.13267
9.20142
9.06894
9.03037
9.55691
9.17425
9.54825
9.01919
9.37178
8.49766
9.3371
8.97808
9.1813
9.05894
8.95721
9.21026
9.35471
9.25143
8.9264
9.08291
9.44647
9.16082
8.93935
9.21569
8.87834
9.4443
8.76751
9.11636
9.43967
9.62574
8.62
8.90802
9.17733
8.84588
9.30494
8.81169
9.17801
9.15255
9.40995
8.70558
8.73512
9.31656
8.96423
9.16994
9.27163
9.48397
9.28412
9.34402
8.81895
8.946
8.90195
9.16249
8.91422
9.42904
8.48787
8.83304
8.82985
9.20236
8.56775
9.52663
9.19023
9.11393
8.76261
8.95764
9.03928
9.00971
9.5413
8.70189
9.11147
8.92348
8.92978
9.37102
9.27079
9.01576
9.45583
9.15439
8.90626
8.95495
8.86602
8.92288
9.01331
9.13283
8.79497
9.01396
9.14638
9.2199
8.87645
9.01679
9.07194
9.03394
9.3482
9.13453
9.52398
9.0154
8.99498
9.30256
9.40934
9.2663
9.35044
8.95556
9.118
9.17568
8.93877
8.78602
8.79364
9.56671
9.4272
8.69256
9.24435
9.04736
8.90475
9.20087
9.2044
8.30755
8.85634
8.55111
9.08447
9.04358
8.73626
9.46666
8.86606
8.92244
9.20598
9.27067
8.65545
9.21943
8.81147
8.87585
9.34813
8.94748
8.65566
9.37893
8.96397
9.07556
8.7752
9.11016
8.86778
9.10986
8.94423
9.41756
8.81471
9.11408
9.26175
9.13658
9.12894
9.10889
9.02163
8.81958
9.09959
9.00489
9.12873
8.92004
8.86968
9.09554
8.98734
9.02137
9.26864
9.18363
9.06797
8.76837
9.45433
9.10662
9.30242
9.36724
8.80095
8.81921
9.15479
8.96419
9.28633
9.16576
8.94285
9.23623
9.2181
9.23107
8.89404
9.47436
8.83719
9.49126
9.08554
8.83869
9.08678
9.417
9.28818
8.96224
9.28943
9.08321
9.46522
9.38221
8.85937
8.79827
9.14492
9.31438
9.08461
8.98914
8.72869
8.82871
9.26258
9.06794
9.51966
8.78009
9.40082
8.91249
8.94498
8.79437
9.40688
9.08654
9.28008
8.70305
9.57843
9.06697
8.70183
8.91483
8.98701
8.88715
9.31753
9.18821
9.07476
9.44442
9.04942
9.13248
9.25786
9.40333
8.99779
8.79912
9.0667
9.00351
9.33361
9.36194
9.01576
9.2999
9.26063
8.92737
9.50612
9.41393
9.3694
8.97004
9.53615
9.09264
9.01256
9.06304
8.71575
9.12478
9.50849
9.45625
9.37445
9.18936
9.07672
9.32263
9.90465
8.90903
9.29159
9.24171
9.42293
9.09613
9.33823
9.18346
9.00174
9.36256
8.82872
8.98832
9.19706
9.11755
8.69637
9.39348
9.32676
9.29141
9.20003
8.70017
9.12554
9.06754
9.36121
9.09469
9.16496
9.12802
8.98574
9.26617
8.89737
8.84954
9.48804
8.92158
9.45905
8.97207
8.96038
9.19381
8.7697
8.99952
9.13287
8.65254
8.93441
8.71897
9.15632
9.02314
9.09871
8.86754
9.08168
8.98509
8.7998
8.91992
9.27129
8.84656
8.83082
8.82127
8.78963
9.23364
8.86676
9.0535
9.43177
9.01671
9.03414
9.24959
9.38225
9.03541
9.28918
9.19962
9.0737
9.02623
9.00313
9.21673
9.10496
9.16062
8.80407
9.10073
9.01313
8.65279
8.99781
9.38955
9.4621
9.18047
9.02783
9.20982
9.23573
9.53638
9.27986
8.6555
8.64392
8.78214
9.15535
9.38528
8.81533
9.1216
8.89661
9.25125
8.8922
8.94177
9.01532
9.03472
8.9995
9.13414
9.21903
9.17067
9.10159
9.45511
9.09177
9.01048
9.00252
9.50514
9.13365
9.19121
9.19549
9.05113
8.84426
9.16968
8.94894
9.23188
9.338
9.11476
9.1502
8.895
9.10289
8.5796
8.99628
8.97721
8.94314
8.99171
8.95544
9.18355
9.15355
9.17938
9.27869
9.59163
8.65675
9.13567
9.42756
9.34505
8.87561
9.06906
8.7292
9.0057
9.17533
9.16299
9.09337
8.94352
9.28277
9.10913
9.16017
9.14291
9.04357
8.75114
9.23998
9.3003
9.05436
9.06828
9.22029
9.30742
9.25063
9.36721
8.72929
8.99008
9.00652
8.72995
9.01627
9.06031
8.51612
9.27372
8.88054
8.8091
8.89428
8.80979
8.84787
8.89379
9.06563
8.71588
8.73611
8.92988
9.46437
9.19521
9.17266
8.6948
9.27897
9.34519
9.14471
8.93573
8.84357
9.2291
9.34226
8.61725
8.93989
9.02687
8.93347
8.94323
9.10608
9.09336
9.16871
9.21908
8.90916
9.24573
8.90802
9.28342
8.72555
9.05979
8.93479
9.28207
8.89894
8.72787
8.80259
8.94865
9.03571
9.0092
8.72658
8.98317
9.4047
9.37344
8.89984
8.92962
9.08435
8.70384
8.86228
9.11548
9.17204
8.87637
8.9267
8.81711
8.66401
9.09279
8.96724
8.91332
9.40165
9.11905
9.30778
9.00259
9.35091
9.34432
9.30023
9.02311
9.37391
9.5752
9.18379
8.87476
9.65117
9.0592
9.07696
9.2945
9.06977
9.25295
9.21333
8.89708
9.31836
8.78027
9.41987
9.24577
9.2671
9.26618
9.31706
9.13847
9.43928
8.7992
9.08583
9.47702
9.29321
9.08227
9.45088
9.20254
9.44211
9.62971
9.22275
9.37201
9.46892
9.11585
9.32798
9.40387
9.16896
8.97416
9.55202
9.37121
9.18453
9.27011
9.15926
8.90639
9.18075
9.32551
8.94784
9.33323
8.99585
9.55558
9.37666
9.41995
9.28935
9.72411
9.50045
9.70804
9.28962
8.91563
9.64755
9.51283
9.20302
9.21206
9.56633
9.46771
9.0769
9.10725
9.19405
9.04319
9.12777
8.73104
8.99285
9.28737
8.8366
8.68677
8.83856
9.03208
9.07761
9.25174
8.99069
9.06297
9.08959
8.78275
8.7723
9.4277
9.10112
9.46564
9.51855
9.03332
9.16797
8.99212
9.22337
8.93033
9.24479
9.29375
9.03886
8.97556
8.82253
9.14482
9.00376
9.146
8.93326
9.02456
8.90288
9.08285
9.34298
9.43732
8.87268
9.06526
9.55653
9.01042
9.34969
9.29982
9.01802
8.79352
9.21998
9.05405
8.883
9.19417
9.15322
9.14628
9.37773
9.14417
8.87596
9.17706
9.16303
9.24696
9.06332
9.43771
9.13821
9.16173
9.31339
9.26371
9.47943
9.5088
9.07162
9.13392
9.2742
8.94214
8.35057
8.96669
8.66388
8.97373
9.31076
8.99446
8.83394
8.86803
9.18568
8.65224
8.98428
9.28819
9.07671
9.01236
8.55025
8.86721
8.7243
9.22576
8.41647
8.7466
8.85062
9.20931
8.68314
8.89358
9.11063
9.17664
9.00697
8.73697
8.91885
8.59171
8.81773
8.89166
8.98842
8.92168
8.46452
9.37164
9.02898
8.72992
9.35
9.31427
9.33495
9.22181
9.56048
8.815
8.51253
8.71922
9.01164
8.93004
9.36187
9.15565
9.10817
8.76827
9.1306
8.97881
9.03535
9.04937
9.1154
8.79598
8.81079
9.07039
8.9164
8.88715
9.27555
8.94025
9.06858
9.02076
8.9443
8.62054
9.01451
9.15725
9.33538
9.48878
8.79773
9.27461
8.94537
9.06278
9.04792
8.81662
8.72128
9.01177
9.04579
9.2894
8.37699
9.19267
8.90255
9.25502
8.63196
8.84932
8.97719
9.68898
8.91047
8.85894
9.56151
9.29641
8.93802
9.27911
8.91123
9.2926
9.06518
9.01696
9.11003
9.06848
9.00947
9.36295
8.75084
8.99977
8.77005
9.62485
9.30189
8.82376
8.80702
8.97447
8.99901
9.13418
8.78591
8.85405
9.03343
9.1319
9.20794
9.09924
8.98058
8.76704
9.19362
9.24567
9.00144
8.99947
9.04943
9.06402
9.09129
8.74786
9.31636
9.2462
9.30401
9.33343
8.73425
9.17016
9.08685
8.97784
9.04503
8.9551
9.23399
8.71029
9.16829
8.79132
9.06719
8.73347
9.3203
8.9692
9.06302
8.66616
8.87969
8.74394
8.55762
9.03301
8.90073
8.88977
9.46752
8.8209
9.1061
9.39523
8.60088
9.10869
9.12128
8.65743
9.0205
9.44762
8.92893
8.90344
8.99879
8.93427
9.03629
9.07844
8.90909
8.80789
9.08147
9.0909
8.76073
8.63988
9.1317
8.92384
8.95899
8.78638
9.01958
9.27785
9.13001
9.41074
9.16978
8.56819
9.26182
9.34163
9.25073
9.07567
9.44112
8.56145
9.09634
8.8927
9.05738
9.38289
9.35782
8.9349
9.17242
8.8469
9.30299
9.25633
9.23493
8.98516
9.18593
8.92431
9.28191
9.40657
8.75643
8.8261
9.02813
9.15586
9.5558
8.90579
9.30986
9.26711
9.26858
9.08313
9.26378
8.95187
9.16529
9.21628
9.16874
9.60149
9.21257
9.03181
8.85702
9.30572
9.05161
9.36568
8.82299
9.20945
8.91399
9.11649
9.19694
8.7665
9.25474
8.90975
9.59367
9.34129
8.98599
9.34011
9.10036
9.24523
9.17683
9.09306
8.7613
9.19123
9.4395
9.36692
8.8425
8.85866
9.00783
9.11197
9.50568
9.16229
9.36682
9.27977
9.13905
9.19706
8.84946
9.23907
9.23602
9.46566
9.39512
9.21893
9.31479
8.99825
8.71213
8.98256
8.86056
8.95446
8.93737
8.87034
9.05798
8.87232
8.98822
9.2109
9.22058
9.25721
8.92021
9.12802
9.0343
9.17303
8.91496
9.25958
9.40765
9.07598
9.0448
8.71286
9.09274
9.24284
9.03948
9.14605
9.23483
8.58829
9.26937
9.01658
8.70583
8.85421
9.10431
9.04369
9.13576
9.58384
8.84757
9.09598
8.68258
9.12049
8.75238
9.26623
9.16007
8.873
8.73199
9.08513
8.8881
9.00062
8.95329
8.95591
9.18252
9.13613
9.04405
9.49028
9.08686
9.07765
9.57401
9.001
8.88873
8.95839
9.32219
8.76966
9.28633
9.1462
8.98079
8.97461
8.75241
8.87707
8.87291
8.98697
8.89474
9.31977
9.06411
8.86304
8.92863
8.56855
9.38711
9.06683
8.29226
8.73909
8.65428
9.22192
8.37567
8.70352
8.86735
8.77879
9.28677
8.92963
9.25554
8.7146
9.02125
9.06216
8.98297
8.88877
8.88536
9.11676
8.41444
9.00868
8.89546
9.27188
8.79062
8.77165
9.07753
9.07053
8.87702
8.88226
9.0286
9.12335
9.24166
9.21939
9.27054
9.34979
8.69447
8.88619
9.02806
9.6586
9.05688
8.35456
8.94984
9.03874
8.79572
8.62159
9.08547
9.22876
9.25456
9.13056
9.01399
9.31726
9.10729
8.79119
8.95401
9.28298
9.51349
8.98088
9.00893
9.0588
9.71698
9.35139
9.19305
9.03341
9.28827
9.1602
9.0823
8.78681
9.26853
9.06174
9.30734
9.1592
9.27729
8.97273
9.18524
9.17861
9.24851
9.13569
9.252
9.21124
9.24508
8.91135
9.10125
9.29275
8.94655
9.3356
9.35061
9.01238
9.64991
9.45013
9.39017
9.09137
9.34322
9.63343
9.40876
9.03324
9.52354
9.24829
9.82002
8.85487
9.085
9.59143
9.14936
9.41821
9.15059
9.27206
9.20722
9.38852
8.89399
9.04783
9.35588
9.69346
9.09033
8.75263
9.28145
9.16204
9.41798
9.3784
9.076
9.1188
9.09164
9.35441
9.40464
8.67231
9.21593
9.28483
9.40016
9.37315
9.08249
8.61114
9.30393
8.87661
9.65867
9.91664
8.86307
9.26565
9.55552
9.32589
8.84681
8.87084
9.23664
9.03289
8.9509
8.75585
9.11898
9.44692
9.0747
9.15366
9.22467
9.1235
9.42124
9.28703
9.27329
9.37502
9.04244
9.27534
8.96694
9.00622
8.90501
9.43657
9.63887
9.11236
9.25721
9.07822
9.28861
9.18283
9.42606
9.19877
9.34438
8.99126
9.30998
9.13272
9.15395
9.24062
8.86195
9.12883
9.2121
9.32065
9.08522
8.71057
9.38391
9.03879
9.09291
9.58756
8.94068
8.76482
9.32501
8.84951
8.95611
9.07116
9.09499
9.4488
8.85595
9.02149
9.18551
9.06507
9.34432
8.78463
9.33394
8.75042
9.09241
8.9042
8.49173
8.90584
9.05349
9.15343
9.4439
9.25047
9.38025
9.65241
9.361
8.96319
8.5904
8.92092
9.00846
9.31687
8.63621
8.956
9.14724
9.64921
8.94477
8.9531
9.29668
8.93797
9.69677
9.27615
9.29587
9.17679
9.06951
8.94376
8.65552
9.02716
9.21756
9.37513
9.54414
9.18767
9.40393
9.34864
9.30159
9.18046
9.15422
9.17866
9.39668
9.04982
9.05196
9.10915
9.1868
9.33303
8.82083
9.4355
8.80266
9.61091
8.8686
9.28978
9.31048
8.92029
8.77328
9.29359
9.28302
9.24064
9.25733
9.19832
9.03363
9.03658
8.90437
8.87895
9.33107
9.25877
9.09123
9.48476
8.88992
9.58297
9.19836
8.9434
9.12794
9.19716
9.52044
8.80984
8.64903
8.96928
9.26335
9.05367
8.94523
9.01686
9.27061
9.23527
9.33131
9.28496
9.31592
9.35595
9.11136
8.74219
9.0961
9.27009
9.32742
9.08123
9.22971
9.27156
9.56758
9.25832
9.06897
9.36229
9.03239
9.10761
8.98786
9.10148
9.51058
8.86193
9.43033
8.92046
9.01739
8.97286
9.33633
9.29552
9.22669
9.10013
9.24719
9.27927
8.84479
9.22615
9.01683
8.91482
9.22617
9.26573
9.48392
9.24507
9.1067
9.33118
9.43239
8.80632
9.08695
9.01718
9.03849
9.3507
9.2882
9.02316
9.01563
9.04608
9.36541
9.0756
9.09788
9.25607
9.40622
9.46465
9.34086
9.10045
9.42805
9.11548
9.28214
9.37308
9.09607
9.13435
9.13979
9.67677
9.07763
9.03545
8.80724
8.79217
8.59554
8.82406
9.18529
9.1887
8.89294
8.80138
8.60585
8.82818
8.57679
8.60066
9.0897
8.56958
9.22073
9.38804
8.84351
8.97428
9.00599
9.17424
9.08355
8.52253
8.89137
8.92341
9.37841
9.12434
8.88398
9.14575
8.80451
8.96911
9.2258
8.42546
9.06605
8.85603
8.86519
8.58035
8.92667
8.81939
8.66276
9.14736
9.11308
8.73269
9.28887
8.5612
9.07009
9.06087
9.21946
8.86966
8.75884
8.83527
9.02698
9.20876
8.77893
8.87036
8.70323
9.4976
8.97506
8.86989
9.06296
9.30338
9.10247
9.03821
9.10672
8.98008
9.16935
8.71929
9.35269
9.19321
8.83407
9.00548
9.14125
8.73728
8.79927
9.10839
9.10701
9.06402
8.83973
8.94098
8.93513
9.28135
8.81747
9.49129
8.69561
9.2524
9.01397
8.80578
9.33594
9.08544
8.86744
9.21487
9.37994
8.97686
9.26342
8.92538
8.99809
8.79367
8.89963
9.34555
9.05676
9.20827
8.69057
9.27245
9.03958
9.00467
9.12636
8.7961
9.01042
9.16418
9.16475
8.70333
8.39754
9.58019
9.40585
8.97484
9.28522
8.90827
8.56726
9.26395
8.80847
9.24595
9.06659
9.35945
9.1369
8.79054
8.88699
9.00846
9.34951
9.08492
9.03864
9.02487
9.22008
8.90621
9.11216
9.07657
9.04463
8.96754
8.89493
9.10863
8.59152
9.28772
8.98847
9.23759
9.10484
9.46787
8.76952
8.96806
8.81748
9.05836
8.8805
9.23939
9.03027
9.06854
9.02049
9.47731
9.32632
9.32511
9.11246
9.53849
9.25674
9.19021
9.3031
9.48143
8.74478
9.03409
9.23256
8.96565
9.27329
9.26686
9.33353
9.19714
9.38043
8.71171
8.99851
8.54591
8.96522
9.10742
9.09774
9.21662
8.93073
8.59228
9.27338
8.68566
8.93764
9.45803
8.76228
8.93986
8.94516
8.9603
8.98809
8.64408
8.88972
8.83152
9.07253
8.73622
8.94575
8.77939
9.10409
8.6612
9.41186
9.07498
9.24635
8.76725
9.33548
8.80179
9.25714
9.12823
9.08554
9.28271
9.20019
9.11165
8.7014
8.77813
8.23512
9.40747
9.21434
9.57705
8.99299
9.16306
8.63989
8.91633
9.20157
9.1101
9.01066
9.23063
9.20443
9.22832
9.23781
9.10891
9.11577
9.34648
8.93247
8.85076
9.078
8.49808
9.04842
8.65173
8.93654
9.2517
8.98991
8.85323
9.07332
9.00553
8.74387
9.40992
9.15961
9.47242
8.90746
9.10926
9.17639
9.25735
8.68262
8.91191
8.8586
9.05374
8.96564
8.73184
9.22798
8.80117
9.10573
9.36675
9.16716
9.27878
9.08351
9.11214
9.27556
8.72779
9.17021
9.43709
9.22486
8.85752
9.1683
9.13672
9.05333
9.19105
8.94879
8.84399
9.2667
9.30593
8.9611
9.4235
9.30817
9.2024
9.45409
9.25517
8.9121
8.82106
8.80395
9.27368
9.49116
9.49917
9.32593
9.09677
9.2914
9.43776
9.16534
9.14889
9.49706
8.96152
9.2136
9.37823
8.91726
9.32089
9.44906
8.78363
9.4929
9.80068
9.455
9.22073
8.94694
9.12216
9.27326
8.99283
8.92959
9.04742
8.97688
9.33459
9.09653
9.27289
9.07229
9.10257
9.6208
9.18684
9.39949
9.1381
8.94001
9.22706
9.65111
9.16954
9.11763
8.84987
9.46646
8.78256
8.72028
8.60481
8.88451
9.135
8.94063
8.70881
8.77963
9.00156
8.73438
9.39946
9.0212
9.03605
9.17343
9.23403
8.76608
8.76248
8.97715
8.99057
8.96499
9.11518
8.94052
9.31538
8.85276
8.70381
9.13915
9.27227
9.4378
9.37769
9.2357
9.13724
9.04642
8.87998
9.15796
8.92014
8.93586
9.13517
9.08191
9.11882
8.55819
8.98877
9.2262
9.11563
9.01884
8.92174
9.05529
9.18837
8.96926
9.16208
8.78168
9.1857
8.65815
9.13063
9.27493
9.55747
9.53341
9.19332
9.16275
8.82353
9.27158
8.90147
9.52375
9.40336
9.24298
9.35653
9.00906
8.8981
9.49779
9.46849
9.33735
9.08827
9.22201
9.00269
9.31541
9.25957
8.9666
9.07059
9.2022
9.07853
9.42204
9.17037
9.38623
9.22162
9.20933
9.37235
8.96188
9.47821
9.31167
9.27959
9.36479
9.36108
9.64308
9.14261
9.21481
9.42333
9.19109
9.21155
9.15552
9.6003
9.17505
8.90957
9.29073
9.46274
8.92611
8.79358
8.93161
8.7008
8.87875
8.89888
8.67244
8.94523
8.93853
9.4909
8.84569
9.11277
8.86502
8.8083
8.71741
9.08305
8.67759
8.58993
8.80426
8.81966
8.98551
9.01071
9.15901
8.87864
8.88303
9.36315
8.87303
8.97994
8.91492
9.09727
8.73606
8.6571
8.53711
9.00628
9.29
9.25431
9.28599
8.81518
8.93609
9.37912
9.29412
9.16959
8.66882
8.78361
9.10087
8.85444
9.15731
9.21604
9.33722
9.19545
9.09271
9.07703
9.04587
8.78774
9.17376
8.90759
9.19135
9.11657
9.10934
8.79276
9.09166
8.93678
8.9999
8.99501
8.8744
9.23511
8.85706
9.00044
8.87538
9.26852
8.95744
9.22941
8.64705
9.32036
9.35347
9.15006
8.58674
8.91176
8.91368
8.97454
9.06685
9.07015
9.15045
9.10714
9.24269
9.06152
9.09235
8.89039
9.08203
9.40657
9.17374
8.69961
8.79354
9.20572
8.85824
8.83247
9.41259
9.09653
9.36188
9.294
9.064
9.07315
8.84533
9.42241
9.01266
8.51259
9.11724
9.01639
8.90082
9.18928
9.39715
9.15797
9.02274
8.9827
9.17066
9.05903
8.6856
8.95763
8.93144
9.01736
8.85814
9.50274
9.28624
9.14215
8.81579
9.30676
9.18491
9.31857
9.27583
9.31606
9.08967
9.31
9.14169
9.47799
8.92439
9.20087
9.29115
9.36403
9.32908
9.31375
8.79145
9.30005
8.93699
8.99051
8.99483
9.17279
9.36161
9.16015
8.97145
8.92359
9.18737
8.75612
9.15409
9.02084
8.74729
8.87947
9.29869
9.01818
9.06032
8.70853
8.97463
8.80055
9.32006
8.90459
9.12755
9.27529
9.16292
8.94918
9.26875
9.02072
9.13529
9.05682
9.01612
9.01188
8.94768
8.85533
8.65247
8.95875
9.94444
9.10648
9.14763
9.17563
9.08567
9.16132
9.31712
8.87197
9.2493
8.99694
9.07318
9.11686
8.88511
9.17254
9.20198
8.93921
8.97757
8.87116
9.13782
8.91065
9.16161
9.03057
8.97149
9.12382
9.22429
9.07049
8.87876
8.83123
9.15944
9.07223
8.9573
8.83847
9.33253
8.95842
9.23101
8.7953
9.59095
8.85343
8.90915
8.96611
8.97721
8.88643
9.24379
9.06509
8.71962
9.11411
8.88166
9.15361
9.04905
8.82326
9.01554
9.1301
9.08273
8.7743
8.55839
8.96899
8.96979
8.76774
8.59225
9.34466
9.38636
9.03459
8.55436
8.96511
8.78779
9.19389
9.28608
8.76584
9.06877
8.98334
9.25339
8.61395
8.74282
8.54477
8.74765
8.80382
8.91279
9.06303
9.42236
8.84019
9.10427
9.29621
8.99514
8.98523
9.12891
9.1093
9.18611
9.03451
9.09103
8.85292
9.17308
8.95337
9.54387
9.04602
8.88538
9.07413
9.06675
9.28177
8.98961
8.91094
8.8994
9.19335
9.00407
8.79734
9.12895
8.75034
9.20087
8.9731
8.69594
9.20347
9.38741
8.79379
8.87001
8.68644
9.1534
8.66847
8.87858
8.87577
9.01895
8.62381
8.78169
8.63218
8.56496
8.56823
8.97865
8.88235
8.70076
8.71719
8.98112
9.1496
9.18944
8.80426
9.15659
8.68388
9.02704
8.91516
9.08072
9.11459
8.8384
8.78478
8.96974
9.00685
9.09846
9.10704
8.9957
8.89241
8.77829
8.65915
8.54335
8.81712
9.42861
9.30822
8.90211
9.14803
9.29848
9.1606
9.45512
8.93756
8.91566
8.98829
9.00923
9.69927
9.3126
9.17093
9.06794
9.26648
9.07798
8.94902
9.49267
9.30356
9.11592
9.10464
9.47334
9.26511
9.17533
9.33405
9.5376
9.30658
9.27635
9.39482
9.10749
9.77592
9.21262
9.57289
9.89329
9.48118
8.82068
9.28856
9.77032
9.18647
9.50001
9.19349
9.16926
9.88563
8.63515
8.98095
9.08794
9.00134
9.27509
8.98482
8.42504
8.94336
8.99061
9.01396
8.87186
9.11387
9.35528
8.90583
8.82156
9.06336
9.37098
9.1541
8.80786
9.23442
8.81872
8.7598
9.23
9.02626
9.17396
8.92358
8.97828
9.16645
9.0914
8.8567
8.74678
9.07243
9.20123
9.18051
9.36315
8.66652
8.86582
8.70986
8.68152
8.78175
9.19058
8.95609
9.11832
9.53943
9.1976
9.31249
9.53173
8.76128
8.90139
8.93245
9.46866
8.84428
9.03352
9.33246
9.10157
9.33956
8.89535
10.0265
9.2948
9.00299
8.93747
8.96928
8.73382
9.33786
8.7294
9.38405
9.37432
9.63264
9.1798
8.87255
9.12774
8.86117
9.59582
9.63369
9.08748
9.09945
9.00937
9.02877
8.96715
8.99671
9.53798
9.18457
9.43595
9.3233
9.02295
9.05158
9.10758
9.14112
9.17611
9.50859
9.41863
9.28859
9.1686
9.48516
9.50159
9.13722
9.46897
9.34534
9.35642
9.27209
9.11775
9.17738
9.14562
9.37935
9.12908
9.36884
9.16466
9.82172
9.17629
9.16654
9.55688
9.13651
9.22691
9.2463
9.1988
9.41416
8.88439
8.88769
9.24094
8.93936
9.18889
9.50315
9.33444
9.24974
8.93598
9.18417
9.44528
9.19822
9.09727
8.82734
9.06354
8.60762
8.98149
9.12176
9.05934
9.06628
8.84906
8.853
8.91342
9.05721
8.51973
8.82964
9.09082
9.16504
9.01827
9.00723
9.37573
9.06296
9.13834
9.01465
9.21865
8.89591
9.41831
8.87172
9.0848
8.96241
9.25919
8.71848
9.06126
9.30547
9.29009
9.39881
8.9719
9.10384
8.98237
8.93096
9.01739
9.43084
9.10996
9.02524
9.02398
8.95961
9.08914
8.9203
9.18404
9.03198
9.54574
8.96086
9.44338
8.96042
8.82949
9.51183
8.75929
8.93488
9.45062
9.12548
9.37462
8.92266
9.02512
9.7995
8.81325
9.44808
9.2575
9.14053
9.45538
8.983
8.90867
9.45832
8.89123
9.25723
8.85026
9.03139
9.44156
8.97143
9.14919
9.34041
8.91639
9.54618
9.5004
9.40458
8.98523
9.21549
9.03517
9.22185
9.15859
9.08497
9.18138
9.16489
8.75778
8.54558
9.4636
9.39283
8.86448
9.00387
9.30961
9.1845
9.20244
9.01049
9.47803
9.50659
9.03698
9.29734
8.85369
9.00337
9.36379
9.11054
9.21429
9.15864
9.18143
9.26183
8.87902
9.35645
9.45422
9.39087
8.95573
8.87375
8.80274
9.13917
8.83294
9.04007
8.94475
9.2201
9.23115
9.37189
9.04307
8.84792
9.04663
9.56472
9.1378
9.27652
8.85123
9.12645
9.15351
9.2291
8.94623
8.98892
8.62129
9.10986
9.02273
9.0632
9.04335
9.16281
9.05076
8.62692
8.97001
9.21359
8.51356
8.99137
9.24487
9.40708
8.87326
9.2423
9.22621
9.07276
8.85014
9.02288
9.12276
9.27405
9.20939
8.82843
8.84188
8.98705
8.88095
8.99953
9.12688
8.81187
8.80766
9.24878
9.72252
9.13422
8.85592
9.02198
9.37564
9.24564
9.01344
9.23123
8.99519
9.09101
9.21596
9.0293
8.76133
8.61191
9.22977
9.14211
8.91516
9.063
9.39483
9.07951
9.29944
8.72069
9.09177
9.30692
9.21426
8.79696
9.40281
9.26712
9.71693
9.44047
8.97385
9.18851
9.00017
9.12934
9.22154
9.16571
9.10501
9.28451
9.19917
9.01195
9.11313
9.2486
9.10561
9.26164
8.95838
9.04538
8.75905
9.07237
9.13732
8.90961
9.12965
9.44449
9.48871
9.28005
9.42509
8.80563
9.33303
9.03549
9.01194
8.56144
9.02792
8.84838
9.37022
8.98376
8.72037
8.99806
9.31912
9.40464
9.08621
9.26427
9.28311
8.94415
9.12952
8.89595
9.26566
9.02044
9.4156
9.2327
8.85877
9.25817
9.14049
8.82872
8.88728
9.2506
9.07158
8.87544
9.17981
9.26098
9.00286
9.10529
9.24738
8.75642
8.48442
9.16231
9.12001
8.70644
9.13638
9.12424
8.99607
9.03935
8.99285
9.30006
9.07511
8.80029
9.38529
9.50574
8.96626
9.45196
9.49071
8.81024
9.10181
8.9711
9.07719
8.72641
9.15866
9.48509
9.26191
8.84444
9.02708
9.13429
8.86062
8.80371
9.09037
9.29715
9.26449
9.18154
9.08709
9.2609
9.07748
9.17882
8.98211
9.19914
9.23658
9.33623
9.25794
9.29507
9.38777
9.35691
9.14899
9.24311
8.88366
9.32425
8.90569
8.99301
8.92764
9.1676
8.83203
8.9786
8.94019
8.66556
8.85842
8.62717
8.90397
8.78786
8.88934
8.92201
8.70598
8.99138
9.27575
8.91974
9.16104
9.02135
9.16203
9.07155
9.38227
8.81672
9.17862
9.25732
9.43809
9.29933
9.12893
9.29241
9.25894
8.99794
9.15186
9.3076
9.27349
9.09674
9.14458
9.28952
9.41277
9.0828
8.99258
9.42588
9.00214
9.13587
9.07048
9.44156
9.0505
9.39936
9.2954
9.09061
9.0946
9.30185
9.0378
9.09012
9.43312
9.62355
9.88032
9.65131
9.03249
9.75088
9.53352
8.95126
9.19413
9.16237
8.99961
9.54168
9.20304
9.02795
8.94161
9.50887
9.18785
9.16655
8.79157
9.02857
9.2795
9.48707
9.35738
9.21959
8.8534
9.1477
9.26127
9.05176
8.97067
9.18651
9.2663
9.01238
9.39285
8.65317
9.01053
9.21792
9.10425
9.42055
9.19261
9.01087
8.94592
8.97593
9.41633
9.16818
9.19824
9.19966
9.06757
9.02801
9.56487
9.08969
8.99355
8.93366
9.18631
8.83575
9.11045
9.01636
9.37829
9.2022
9.51439
9.06947
8.97623
9.01077
9.42067
9.17993
9.28431
9.025
8.95618
9.17129
9.597
9.24073
9.39848
8.89294
9.14065
9.221
9.33208
9.2509
9.2475
8.90559
9.25291
9.01992
9.16484
9.0866
9.12734
9.28464
9.24983
9.03009
9.55061
9.07572
9.27058
9.17598
9.4953
8.99897
9.60526
9.26806
9.11018
9.64064
9.03249
9.44745
9.33972
9.39522
9.47276
9.4404
8.979
9.64697
9.20775
9.45207
9.56034
9.31897
9.58202
9.05996
8.71429
8.80448
9.25286
9.30551
8.9475
8.94367
9.10811
9.98745
9.12133
9.39028
8.80843
9.36638
9.05001
9.36964
8.89812
9.34338
9.09944
9.08143
9.2406
8.79759
8.97747
9.30808
9.47027
9.26251
9.3196
9.25804
9.24222
8.42695
9.42091
9.34544
9.37119
8.60565
8.92794
9.08209
9.01595
8.59769
9.51252
8.98054
9.06212
8.90675
9.34411
8.73121
9.07556
9.05183
9.47995
9.18482
9.42652
9.00091
9.16345
9.04316
9.22542
9.01099
9.47837
9.13103
9.20147
8.90471
9.28474
9.64189
9.50534
9.16623
8.94526
8.84887
9.26865
9.11843
9.13399
9.46343
9.45637
9.28385
8.96951
9.01488
9.15779
9.18388
9.13055
9.05381
9.55787
9.05009
8.9881
9.08806
8.97232
9.28518
8.92345
9.21115
8.99818
9.07019
8.85824
8.85665
9.22773
9.56616
9.7984
8.81982
8.88351
9.18318
8.51877
9.4335
8.87646
9.28807
8.95361
9.23214
9.36506
9.32304
9.2279
9.04866
8.80544
8.76785
9.1893
9.24318
9.54291
9.07032
9.36864
8.84912
9.12078
9.34511
9.49623
9.02198
9.16671
9.41717
9.09112
9.46506
9.52334
9.3679
9.55312
9.16945
9.51509
9.04394
9.00533
9.38775
9.3029
9.35706
8.97103
9.26626
9.02448
8.9549
9.11747
9.40972
9.21644
8.85841
9.21794
8.80268
8.95795
8.62486
9.47053
8.84671
9.11374
9.56587
9.15468
9.04034
8.91348
9.18892
9.06983
9.02502
9.1648
9.06795
9.23388
8.89079
8.98108
9.28345
8.86637
8.91552
8.83422
8.88876
9.28133
9.25659
9.24803
9.35251
8.57513
9.29533
8.87787
9.0615
9.28491
9.3898
8.9244
9.32626
9.03101
9.27465
9.08429
8.96167
8.98456
9.5875
9.41271
9.64687
9.49392
9.2614
9.21753
9.37622
9.38485
9.40703
9.45263
9.50915
9.50906
9.38709
9.05543
9.48583
9.48573
9.81047
8.88281
9.07912
9.29103
9.06906
9.3489
9.29265
9.61273
9.18137
9.12391
8.81505
9.31459
8.99205
9.22919
9.32167
9.33387
9.04304
9.02388
9.51081
9.18046
9.4446
8.65182
8.78069
9.16628
9.24454
8.79404
9.06338
9.02639
9.0622
8.9406
9.36846
9.05331
9.07471
9.0439
9.15232
9.31764
8.99958
8.24671
9.09157
9.06029
9.32177
9.128
9.09738
8.94909
8.93746
9.19307
8.82376
8.71036
9.19135
9.19995
9.44882
9.53687
8.99005
9.47771
9.19458
9.26563
8.97841
9.22248
9.23175
9.46561
9.44981
9.43084
9.27103
8.58129
9.28952
9.60173
8.84334
9.48542
9.39419
9.26617
8.86337
8.91545
9.28014
9.45391
8.87744
9.37213
9.42049
9.30738
9.23111
9.45939
8.98085
8.90729
9.19325
9.35222
9.36864
9.0623
9.2498
9.23848
9.05166
9.07395
8.98571
9.29198
9.1676
9.089
9.38228
9.49128
8.79694
9.25694
9.16486
9.46779
9.11356
9.29082
9.40347
9.37247
9.67527
9.26138
