3.16966
2.63683
2.80437
2.7919
3.23385
2.81331
2.95927
3.01851
2.66793
2.90361
3.06451
3.18837
3.17997
3.23201
2.53778
3.0901
3.4955
2.79472
3.33502
2.88577
2.94379
3.1742
2.8838
3.29533
2.73967
3.18841
3.0575
3.15987
2.73863
3.13135
2.98432
2.97079
3.33627
3.19168
3.06596
2.85615
3.14305
2.62537
2.66024
2.80331
2.92833
2.59876
3.09923
2.86589
2.99215
2.73823
3.08989
2.91787
3.2578
3.24918
2.82032
3.02697
2.68482
2.86043
3.13709
3.10387
3.36459
3.39786
3.11283
3.08189
3.04352
3.06401
2.54481
3.21409
2.73362
3.1205
2.92505
3.00023
2.78753
2.78558
2.97884
2.96012
3.19912
3.17459
3.06971
3.03072
2.89771
3.01919
3.12294
2.57816
3.07535
2.869
2.63516
2.86831
2.72487
3.21275
2.77192
2.74512
2.84175
2.53575
2.80952
2.66795
3.05318
2.93446
3.07914
2.61766
2.8744
3.1384
2.71028
2.72815
2.98741
2.98346
2.78349
3.17495
2.91454
3.1305
2.48496
2.85624
3.35832
3.12309
3.10423
2.81589
2.868
2.74708
3.07535
3.06996
3.14065
2.79052
2.53402
2.88253
2.83712
2.84677
2.41202
2.95703
2.85607
2.74053
2.77924
2.42149
2.6534
3.30027
2.65228
2.95802
2.87071
3.07219
3.04816
2.3362
2.92318
3.23615
3.1128
2.69481
3.20853
3.02892
2.73554
2.83
2.73385
3.1254
2.82208
2.72089
2.88111
2.86999
2.79835
2.98784
2.96597
2.4982
3.07854
2.87016
2.76727
3.03702
2.96493
2.69652
2.88943
3.22398
2.53983
2.91439
2.83308
2.6791
2.74266
2.91484
2.90858
2.81733
3.135
3.01952
2.66382
2.8191
2.90534
2.61063
2.66667
2.75965
2.86859
2.86403
2.70344
2.97527
2.84422
3.11365
2.84152
2.81076
2.93075
3.11483
2.58653
2.48575
3.08643
2.54425
3.02088
2.73775
3.29896
2.65186
2.91686
3.03255
2.33818
2.86425
2.84805
2.80208
2.52547
2.35941
2.27129
2.81463
2.91214
2.78771
2.71916
2.53488
2.47171
2.83934
2.82251
2.85407
3.03656
2.48193
2.76493
2.68561
2.53601
2.39747
2.89534
2.70823
2.53939
2.69103
2.41175
2.6198
2.81637
2.66752
2.77839
2.82434
2.69295
2.89956
2.62085
2.57298
2.93545
2.72927
2.73401
2.61998
2.80566
2.71301
2.67616
2.804
2.85709
2.73228
2.63952
2.79614
2.7137
2.45773
2.62703
2.68774
2.6149
2.7518
2.53427
3.22244
2.48691
2.75483
2.47337
2.71077
2.84782
2.45428
2.58263
2.88787
2.73817
2.3208
2.67837
2.78114
2.95464
2.76026
2.72114
2.20683
2.49232
2.89386
2.73678
2.89934
2.80508
3.01906
2.80576
2.491
2.32952
2.47182
2.74303
2.91256
2.80672
2.51928
2.38389
2.56802
2.40216
2.61775
2.84068
2.97067
2.83213
2.9943
2.83322
2.79702
3.04468
2.54463
3.0736
2.67846
2.97225
2.98435
3.24072
2.99405
3.08651
3.28582
3.02488
3.00051
2.70452
2.91587
2.84867
3.19639
2.72371
3.12308
3.10021
3.48639
2.79828
3.00217
2.91088
3.31391
2.8981
2.90615
3.15012
3.24758
3.30677
3.43958
3.21098
3.08351
2.815
2.44062
2.91455
3.21296
2.50178
2.74193
2.89477
2.75762
2.57948
2.86392
3.13803
3.00264
3.10249
2.94122
3.0984
2.79176
3.03077
2.67599
3.04364
3.35038
3.04251
2.96748
3.23678
2.99351
3.18878
3.27686
3.34603
2.80322
3.01882
2.32173
3.2773
2.97609
2.80292
2.77805
3.14373
2.91255
3.06585
2.67005
2.9161
2.85472
2.99771
3.1993
2.51445
2.95624
3.14819
2.47425
3.00285
2.7771
3.02149
2.86222
2.62068
2.59877
2.64929
3.02792
3.22558
2.5382
2.49558
3.19683
2.73301
3.23811
3.04923
3.02153
3.18574
2.78121
3.09019
3.01169
2.66109
3.07773
2.57749
2.24314
2.53118
3.27981
2.7072
2.69697
2.99338
2.72742
3.08366
2.76616
2.91637
2.9009
2.72237
2.78637
3.14342
2.39392
2.86603
3.21908
2.98146
2.62131
2.74734
2.86408
2.98308
2.9113
2.99943
2.66309
2.59874
2.85355
2.69997
2.72039
2.75903
2.83655
2.82972
2.67375
2.91821
2.81633
2.62244
2.70998
2.91738
2.71691
3.20042
2.99197
3.05144
2.57451
2.49587
2.90992
2.82125
2.75134
3.11772
2.93625
2.99993
2.58979
2.80046
2.98208
3.20712
3.02587
2.97172
2.73803
2.92241
2.75468
2.71581
2.47721
2.87036
2.82698
3.00215
2.74725
2.65001
2.6269
3.02543
3.21956
2.78057
2.61946
2.89623
2.75277
2.58996
2.7434
3.07735
2.53125
3.17839
3.05034
2.5401
2.5532
2.78356
2.48323
2.75532
2.69166
2.98669
2.64821
3.10105
2.63733
2.78757
2.71722
2.77897
3.05128
3.15992
2.92215
3.11524
2.85123
3.25635
3.10182
3.24257
2.75858
3.03275
2.72367
3.06011
2.92343
2.44049
2.60695
3.34625
2.97156
3.00001
2.94418
2.86569
2.60104
3.15516
2.74706
2.84692
2.86825
2.89466
2.93453
2.73838
3.14173
2.44868
2.65303
3.17696
3.01151
2.64149
2.8479
3.12527
3.02491
2.6693
2.73991
2.87613
2.83014
2.80735
3.27062
3.00436
3.2677
2.90164
2.94323
2.98835
2.74035
3.04193
3.10946
2.9899
3.11417
2.98657
3.01209
2.81207
3.12203
2.9198
3.01756
2.6604
2.6925
2.67318
3.01127
2.79107
2.93856
3.04152
3.04997
2.5616
2.84268
3.09446
2.89197
2.61139
2.71264
2.53725
2.89315
2.24722
3.06727
3.09774
3.06101
2.89402
3.22515
3.07996
3.10782
2.46005
2.79271
2.97259
2.64156
3.32836
2.90369
2.95942
2.98296
2.4923
2.45462
2.87634
2.74039
2.89146
2.8198
2.66678
2.94539
3.02428
2.73195
2.66027
2.54682
2.52369
3.23407
3.15626
2.52734
2.58566
3.00922
2.6581
2.98057
2.49321
2.74605
2.73406
2.96546
2.97617
2.67907
2.41242
2.55471
2.72325
2.68779
2.9639
2.76322
2.56885
3.10948
2.74705
2.49919
2.39287
2.82943
2.7303
2.75586
2.39975
2.71959
2.75158
3.06531
3.09342
2.72436
3.34629
3.21554
2.34371
2.65016
2.70004
3.10314
2.99261
2.93494
2.85495
2.93505
2.45009
2.79772
3.18157
2.6706
2.84271
2.65688
2.9976
2.87559
2.88119
2.5009
2.7662
2.56732
2.57214
2.8187
3.01628
3.18014
2.86518
3.08259
2.59588
2.58928
2.87358
2.61271
2.27315
2.89232
3.15919
2.91989
2.83799
2.88689
2.63392
2.44124
2.75839
3.08754
2.76109
2.96591
2.3718
2.67508
2.74496
2.18581
2.90288
2.91963
2.61501
2.61309
3.09862
2.37768
2.84211
2.93003
2.91929
2.47288
2.6371
2.94764
2.93549
2.29781
2.64238
2.88089
2.63127
3.07669
2.65221
2.73731
2.46448
2.49598
2.71282
2.84936
2.56135
2.74466
2.67923
2.49097
2.83379
2.98522
2.55931
2.80672
2.71093
2.37665
2.17499
2.80927
2.72887
2.87807
2.50651
2.97715
2.42543
3.18501
3.23569
3.07986
3.30472
2.74809
2.68156
3.07544
2.70759
2.60629
3.061
2.99683
2.61389
2.8121
2.71126
2.61413
3.04448
2.52475
3.09802
2.58942
2.66719
2.85198
2.81233
2.55632
2.58816
2.65088
2.55905
3.04891
2.51372
3.00009
2.71557
2.62768
2.85003
2.46777
2.79354
2.55252
2.40754
2.79733
2.82747
2.77155
2.88034
2.7978
2.88521
2.49473
2.51478
2.67735
2.64356
3.07326
2.5208
2.76083
2.1943
2.41672
2.77568
2.91287
3.03039
2.44883
3.28861
3.13996
2.99962
2.55735
3.30097
2.58315
2.8571
2.9738
2.96784
3.0999
3.31544
2.64134
2.94555
3.02154
2.97013
2.83714
2.86468
2.71349
3.13831
2.95728
3.0935
3.09266
2.69689
2.52041
2.80862
2.68266
2.92272
3.22163
2.77832
2.92214
3.17082
2.89497
2.80017
2.93904
3.16117
2.7206
2.50954
3.2651
2.95479
3.05286
3.08048
3.14281
3.05555
2.49827
2.93459
3.04706
3.40927
2.79944
2.83836
2.77984
2.94269
3.11067
2.8567
2.62529
2.65966
2.95671
2.9274
2.97721
2.57296
3.12556
2.78701
2.94463
3.05132
2.82964
3.32498
2.66461
3.3037
2.85051
2.70273
3.0433
3.00898
2.51931
3.03193
2.93064
2.97397
3.3041
2.8467
2.98048
2.32374
3.0402
2.77254
3.00511
3.34151
2.90214
3.06083
3.11413
2.78811
2.8689
3.00759
2.85273
3.19448
2.90275
2.45021
2.67336
2.69344
2.79012
3.24734
2.97427
2.63605
3.03505
2.82584
2.72986
2.64952
2.80711
2.77832
3.18575
2.76414
2.70257
2.79646
2.88849
2.84576
2.45968
2.71553
2.53335
2.88349
2.47751
2.6222
3.21117
3.17742
2.69168
2.63506
2.74795
2.76836
2.94835
2.87919
3.10113
3.29807
2.94767
2.69467
2.68919
2.84676
2.77044
2.88257
2.57217
2.87896
2.75076
2.8051
2.58875
2.68425
2.94941
3.20162
2.78748
2.7281
2.52814
2.7141
2.2578
2.59515
2.81471
2.84633
2.70757
2.94565
3.07383
2.70392
2.72193
2.93581
2.62633
3.0053
2.94472
2.94869
2.93817
2.55761
2.62846
3.07832
3.12265
3.09154
3.01225
2.7764
2.84011
2.38623
2.55023
2.84169
2.93146
3.04907
2.7503
3.17512
2.66918
2.85432
2.56796
2.89731
2.84848
3.02174
3.00757
2.78027
3.24058
2.8676
3.21241
3.21162
2.72451
2.98815
2.881
2.29767
2.9406
3.11223
3.01832
2.39652
2.9878
2.65962
2.81547
3.10966
2.58533
2.67781
2.73448
2.98514
3.11965
2.67329
2.83857
3.18224
2.79778
2.53997
2.7759
3.06315
2.53088
2.78047
2.84095
2.9447
3.2575
3.11605
3.26939
2.79941
2.9364
2.51116
2.92714
2.91212
2.75585
3.0015
3.17841
2.5214
2.95616
2.66968
2.8111
3.09545
2.8097
3.02493
2.64955
2.83986
2.54185
2.95504
2.65749
2.78533
3.43542
2.88403
2.80144
2.75136
3.21062
3.30205
2.99902
2.69602
2.89409
2.58735
2.74338
2.372
2.87762
2.66144
3.13449
3.14479
3.03502
2.64618
2.82931
2.29265
2.61494
2.59204
2.66136
2.79654
3.21004
2.75545
2.56786
3.22641
3.03067
3.1509
3.05483
2.70552
3.20368
3.07232
3.10425
2.92411
2.77546
2.94893
3.21376
2.86551
3.24565
2.99855
3.17543
2.71067
3.08756
2.92651
3.13905
3.35912
3.5403
2.46125
2.9817
3.183
3.03154
2.88491
2.92671
3.13749
2.57118
2.69122
2.99682
3.03903
2.87289
2.79433
3.09387
3.06741
3.56064
3.26761
3.19541
3.08664
2.8113
2.96018
3.32898
3.01104
2.71976
3.02349
3.41493
2.59745
2.78178
2.99456
3.13336
3.51853
2.7395
3.23124
3.0986
3.10804
2.72856
2.92168
2.60165
2.96566
3.35357
2.8147
3.09948
2.86658
3.58036
3.03282
2.74898
3.2207
3.02184
3.10511
3.08919
2.83614
3.16891
2.9356
3.00991
2.99638
3.20831
2.72436
2.94084
2.81443
2.98051
2.8105
3.16672
3.18574
3.40707
2.82409
2.62294
3.34381
2.89295
2.95433
2.57758
3.14171
2.5012
3.16866
2.93172
2.92102
2.93049
3.18938
2.61819
2.85413
2.72726
2.40566
2.90142
2.94109
2.93428
2.74617
3.09916
2.55935
2.63357
2.72006
2.95154
2.85295
2.64515
2.89718
3.07423
3.10589
3.09079
2.97397
2.86091
2.33348
3.14089
3.14027
3.02003
2.79094
3.16348
3.1574
2.97761
3.1117
2.50751
2.48454
2.89753
2.69233
3.23814
3.36181
2.87985
3.06798
2.56895
3.1301
2.91823
2.7826
2.79291
2.51753
2.91325
2.68189
2.90515
2.72799
2.86079
2.98634
3.00432
2.88489
2.98796
3.13682
2.96471
3.27586
2.95041
2.40188
3.04072
2.87506
2.80494
2.91568
2.50147
3.0766
3.02549
3.4255
2.7564
2.21786
2.79498
3.14316
2.8808
2.99042
2.77489
3.45135
2.70427
2.73493
2.69917
2.72635
2.93364
2.9488
2.84685
2.86416
2.88661
2.66981
2.49243
2.66842
2.73694
2.9963
2.93193
3.16666
2.731
2.56304
2.98956
2.72819
2.56614
2.87795
2.71985
2.82352
3.02718
2.95272
2.54505
2.82913
3.12121
2.86118
2.57712
3.18208
3.03875
3.26268
3.0371
3.17561
2.41759
3.35662
2.87543
3.1079
3.42766
2.63625
3.0768
3.15234
2.67901
2.8066
3.46986
3.33786
3.01639
2.84386
2.71097
3.00196
3.2333
3.1811
3.18763
2.64066
2.61174
2.95308
2.794
2.99354
2.97866
2.74005
3.0667
2.94924
2.78646
3.30433
3.03299
2.93801
2.8941
2.83333
2.98384
2.58066
2.6702
3.31814
3.13583
2.92506
3.09978
2.78098
2.81622
3.04053
2.86351
2.71877
2.81664
2.92585
2.57208
2.6134
2.92412
2.81914
3.06191
2.80284
2.52512
3.07142
2.97805
3.24004
2.9893
2.5741
2.90288
2.76915
2.89848
3.13184
2.73978
3.06054
2.8652
3.0796
2.8586
2.97388
2.90642
3.01506
2.76228
2.71291
2.86316
3.00844
2.91252
2.98767
2.99034
2.39317
3.11935
3.19952
3.01508
2.8685
3.09543
2.6857
2.94446
2.34705
2.88819
3.05676
2.92008
2.57225
3.07155
2.59346
3.12197
2.87623
3.31026
2.67023
2.74767
2.7251
2.94783
2.98132
3.10092
3.01091
2.90142
2.79989
2.73868
2.71247
3.06822
2.50794
2.83634
3.00745
2.58273
2.71451
3.02193
2.88857
2.91537
2.86422
2.79922
3.18634
2.86302
2.81177
3.27164
2.90721
2.7133
2.82308
3.06152
2.99827
2.4951
2.77104
2.67846
3.06649
3.2041
2.72098
3.44131
2.5435
2.88881
2.24793
2.85847
2.4897
3.42807
2.93203
2.76741
2.95069
2.8604
2.88147
2.81265
2.60006
2.99824
2.85054
2.97172
2.91081
3.16679
2.86552
2.93024
2.63925
3.09186
2.8468
3.08812
2.57937
2.93384
2.69443
3.09129
2.60868
2.83808
2.8509
3.19265
3.05795
3.06323
2.62149
3.3882
2.65073
2.93728
2.82016
3.03219
2.72054
3.0212
2.65575
2.77484
2.88428
2.64
2.822
3.00613
2.86412
2.51982
3.13025
2.74106
2.7467
2.67945
3.06273
3.00411
2.8583
2.7638
2.85417
2.71224
2.98858
2.59711
3.02756
3.44072
2.74134
3.09977
2.91371
2.93442
2.67338
2.68908
2.62566
3.21588
3.41211
2.79591
2.67033
2.83142
2.62864
2.66475
2.56142
3.2837
2.81724
2.7679
2.64577
2.94961
3.02916
2.64192
2.70434
2.65984
3.19864
2.82495
2.56522
2.86082
2.91997
2.51322
2.88855
2.68378
2.59518
2.37334
2.88696
2.76082
2.93332
2.92368
2.73541
2.36825
2.53303
2.70219
2.51026
2.62563
2.98386
2.51902
2.94392
2.67828
2.72344
2.62488
2.62123
2.974
2.86071
2.53985
2.70567
2.63435
2.83358
2.46002
2.98943
2.60673
2.66129
2.47859
2.85681
2.59405
2.83915
2.56112
2.77072
2.49696
2.90347
2.80942
2.65587
2.6185
2.63699
2.99253
2.71511
2.81268
2.5853
3.03107
2.68995
2.60385
2.26521
2.62377
3.34042
2.57841
3.03424
2.6527
2.50582
2.73327
2.93418
2.89211
3.062
2.97225
2.81704
2.96067
2.73596
2.62053
2.11493
2.40207
2.84463
2.66435
2.81633
2.83052
2.9389
2.77835
2.73376
3.07143
3.11357
3.26956
2.79506
3.13806
3.0531
2.70458
3.225
2.92394
2.7013
2.84596
2.79065
2.86528
2.99196
3.07786
2.86884
2.79616
2.78809
3.21616
3.05603
2.92187
2.99318
2.9972
2.36023
2.69122
2.72759
3.00083
3.37346
2.7595
2.91239
2.79687
3.30879
3.08085
2.89573
3.40032
3.21825
2.81119
2.97755
2.70022
2.88534
2.7195
3.06758
2.48684
2.82357
3.013
3.00665
2.86398
3.04631
3.19072
3.1127
2.93867
2.93166
2.89973
3.0465
2.80627
2.35142
2.78163
2.54281
3.04
3.4853
2.69973
3.03683
3.26463
2.79204
3.1745
2.71634
2.61364
3.2118
3.09441
3.03819
2.84229
3.13372
2.77849
2.65381
2.84787
3.03036
2.93418
3.26925
3.00715
3.18783
2.71964
2.93047
2.96315
3.10912
2.65622
2.59367
3.26765
2.69691
2.8717
2.7403
2.98467
2.40644
3.03788
2.65856
2.87398
2.82475
2.7112
2.27948
2.36381
2.563
2.6424
2.31286
3.20462
2.8699
3.04661
2.65316
2.84387
2.68935
2.8352
3.12477
2.84564
2.70805
3.02145
3.06519
3.09919
3.17348
2.81738
2.67858
2.97243
2.71773
2.95696
2.99137
3.07653
2.84362
3.16095
2.75791
2.75972
2.64192
2.58396
2.78536
2.66581
2.89965
3.10588
2.90323
2.93554
2.94121
2.73039
2.94818
2.71907
2.95054
2.89198
2.94202
3.22736
2.56342
2.56467
2.81127
2.70414
2.56968
3.02395
2.91183
3.03832
2.94867
2.99618
2.73532
2.56438
2.59082
3.15231
2.49603
3.46592
2.54671
2.77706
2.88929
2.56098
2.79893
3.07467
2.91942
3.2424
2.72375
3.14286
2.98206
2.92129
2.82841
2.56357
3.0503
3.06016
3.13485
3.37926
3.06747
2.92179
2.86846
2.74142
2.99539
2.98232
3.00143
2.90651
3.07375
3.48042
3.37476
3.05305
2.91808
3.14924
2.74663
3.11921
3.30154
3.03334
2.9311
2.90765
3.27211
3.04171
2.41473
3.12428
3.2554
3.18582
3.33157
2.88902
3.17775
3.35199
2.74916
3.21009
3.09546
2.84485
3.18194
2.76353
2.65472
3.08393
2.9164
2.90515
2.74986
2.94904
2.49423
3.28974
2.78821
3.31371
2.81591
2.96994
3.44068
2.88469
2.7454
3.37519
2.85105
2.81623
3.13921
2.55235
2.89424
2.92734
2.9939
2.98182
3.01679
3.76049
3.22414
2.81035
2.96146
3.00094
2.82504
2.94448
3.11297
3.03001
2.66787
2.6151
2.74473
3.02447
2.12525
3.23863
3.27919
2.98702
3.07102
2.71715
3.09989
3.25039
2.74038
2.50352
2.75823
2.47919
2.86554
3.0925
3.30574
2.91506
2.85514
2.81476
2.80446
2.84041
3.35472
3.17102
2.73107
2.7622
2.85343
3.15003
2.65184
2.96153
3.00516
3.54216
3.13548
3.3207
2.39094
3.02658
3.24621
3.24905
3.0167
3.08675
2.96611
2.65414
2.7272
2.51573
2.8553
3.00841
3.0233
3.27123
2.88332
3.06314
3.05263
2.73193
3.01442
2.94745
2.52703
2.82443
2.54301
2.94553
3.38274
2.75215
2.87382
2.68942
2.93036
3.11225
2.72938
2.71305
3.2601
2.60555
3.26883
2.93642
2.96121
2.97234
2.98446
2.65068
2.77909
2.86811
2.73163
2.61774
2.32392
2.32198
2.38659
2.54489
2.26252
2.48804
2.163
2.43658
2.59742
2.92833
2.884
2.4369
2.90946
3.13022
2.56468
2.31073
2.90873
2.65588
2.76161
2.83217
3.09298
2.44682
3.14639
3.09164
2.81674
3.07914
2.50035
2.74165
2.65846
2.71991
2.97503
3.01922
2.9824
2.81344
2.72297
2.51128
2.93394
3.24349
2.55056
2.65755
2.67901
2.62829
2.57401
2.854
2.50215
2.55925
2.81937
2.81226
2.49816
2.63494
2.80179
2.87348
2.40886
2.46041
2.69029
2.9837
2.32418
2.80981
2.61825
3.12658
2.75846
2.94777
2.95095
2.61071
2.62792
2.28338
2.8072
2.54031
3.18782
2.79414
2.49331
2.81372
2.6924
2.49114
2.59434
2.7314
2.49259
2.63383
2.69967
2.76238
2.87362
3.07737
2.72377
3.00053
2.66631
2.5856
2.73729
2.78178
2.32707
3.12062
2.91862
2.8483
2.87
2.79954
2.58569
3.00426
2.69355
3.14226
2.75955
3.16165
2.62229
2.87965
3.09773
2.67466
2.39474
2.72885
2.73524
3.04399
3.01279
2.97096
3.18367
2.90507
2.68856
3.09591
3.39777
2.65762
2.90649
2.64287
2.6102
2.84382
2.81434
2.87483
2.67436
2.84431
2.48439
2.41325
2.46276
3.14694
2.97387
2.69726
2.48308
2.51577
3.29836
2.79664
2.32546
3.14936
3.08255
2.79283
3.10498
2.69237
2.57207
2.62175
2.83649
3.15769
3.00369
3.10393
2.51573
2.89305
2.66541
2.3565
2.68744
2.91484
2.66868
2.52277
3.12774
2.69835
3.04086
2.61041
3.04606
2.92195
2.82482
2.78922
3.18413
3.41237
2.44886
2.67788
3.20139
3.15883
2.9604
2.68586
2.9116
3.26454
2.8202
2.83892
2.86077
3.34925
3.21141
2.97497
2.9562
3.055
2.82888
3.07097
3.04373
3.03061
2.91361
3.0717
2.88448
2.97828
2.61456
2.83191
3.25697
2.87188
3.2254
2.53167
2.66133
2.40907
2.92337
2.62506
3.1071
3.24014
3.03248
3.04347
2.34647
3.29571
2.91122
3.13219
2.82356
2.76069
2.96299
2.81299
2.58002
2.9622
3.4912
3.26442
3.2525
2.74643
2.61105
2.56708
2.56286
2.95558
3.07896
2.93027
2.65241
2.72928
2.6682
3.0615
3.05154
2.54233
2.71827
2.43922
2.85474
2.94694
2.62031
3.1944
2.61247
2.65724
2.78854
2.86147
2.74328
2.40082
2.82738
2.73385
2.78474
2.83721
2.54733
2.61665
2.72631
2.72284
2.87184
2.80281
3.05659
3.21377
3.22681
2.71533
2.8566
2.40738
2.81814
2.41524
2.57567
2.5606
2.79927
2.95675
3.26237
2.77433
2.81466
3.07317
2.51385
3.01833
2.42885
2.9211
2.74468
2.64313
2.58822
2.5966
2.45685
2.50706
2.61954
2.4336
3.15655
2.91163
3.11673
2.73098
2.38765
2.8309
2.52535
2.22748
2.65467
2.54995
3.19174
3.11825
2.37312
2.53772
2.34647
2.39343
2.81094
2.72959
2.78387
2.58136
2.81909
2.60589
2.3932
2.75374
2.74943
2.91581
2.88131
2.51344
2.87527
3.12617
2.80355
2.80019
3.40232
2.88783
2.76246
2.38926
2.75004
3.10949
2.82185
2.71195
2.81078
2.86154
3.02634
2.7933
2.64853
3.11068
2.85425
2.61716
2.49676
2.95234
2.74212
3.07283
2.50621
2.99678
2.88751
3.34927
3.51663
3.19532
2.82809
2.91563
3.06961
3.14971
2.37657
2.78242
3.23649
2.55003
2.89873
2.72928
3.04613
3.03235
3.12446
2.87321
2.30817
3.16691
2.90969
2.81284
3.13413
2.45163
2.93432
3.03254
2.9602
2.67981
2.90754
2.93195
2.81785
2.89902
3.22517
2.70868
2.84685
2.52803
3.30706
2.77976
3.01191
2.54222
3.00266
2.9712
2.66
2.63242
2.84555
2.86647
3.28328
2.87943
3.03779
2.87552
2.40466
3.08376
2.79806
2.74715
2.43822
2.90893
2.50245
2.90546
2.97374
2.68055
2.79174
2.83292
2.97101
2.8497
3.1532
3.40635
3.0093
3.08675
3.03194
2.90814
2.50989
2.70814
2.76694
2.91796
3.068
2.96369
3.16897
2.87049
2.96928
2.99554
3.18387
2.54942
2.91668
2.66162
2.72864
2.67123
3.23338
2.53921
3.07237
2.68621
2.61115
2.88432
2.99164
3.14624
2.78176
3.18364
2.77293
2.34657
3.2891
2.70506
2.42922
3.0304
3.15462
3.06708
2.83533
2.94203
2.73041
2.39468
2.59181
3.34098
2.94393
3.06719
2.75207
2.86512
2.70278
2.6139
3.03406
2.23443
3.00863
2.49347
2.87498
2.61342
2.52112
2.75421
2.76314
3.17744
2.35426
2.58668
2.66261
3.07369
2.96823
2.9494
2.76026
3.06404
2.68657
3.25025
2.78355
2.94471
3.00859
2.70451
2.5894
3.13331
2.7233
2.48563
2.78399
3.09804
2.97644
3.08763
2.82189
2.79354
2.55664
3.02969
2.95756
2.90867
2.9549
2.71421
2.62421
2.6901
2.53218
2.64027
2.71909
3.01808
2.4836
2.42777
2.53692
2.96313
2.89461
2.98377
2.54731
2.68494
3.164
2.68275
2.54921
2.85796
2.78315
3.08589
2.98526
3.25033
2.33289
2.10826
2.60495
2.9484
3.09979
3.16909
2.65356
2.8721
2.36394
2.76554
2.75595
2.39186
2.87486
3.03397
2.62407
2.29431
2.52731
2.91676
2.74717
2.45288
2.91791
3.01835
2.46781
2.34765
2.93581
2.58305
2.52559
2.8668
2.79069
2.4993
2.70953
3.17938
3.18686
2.97781
2.5851
2.48012
2.80392
2.63756
2.57678
2.72124
2.9987
2.84035
2.82677
2.62427
2.78744
3.09846
2.44022
2.91444
2.96145
3.01033
2.68587
2.6202
2.63334
2.78002
2.86015
2.31013
2.40201
2.67151
3.05879
2.87401
2.77451
2.24299
2.68327
2.97261
2.85145
2.621
2.82537
2.59894
2.8383
2.60238
2.69986
2.61807
2.70805
2.41708
2.50113
2.40784
2.94798
2.92386
2.90795
2.92509
2.67816
2.98721
2.64877
2.7674
2.9431
2.87395
2.84474
2.83204
2.97839
2.48199
2.59428
2.86178
2.82879
2.79136
3.08641
2.69388
3.08443
3.03103
3.0436
2.56986
3.06578
3.12745
2.76221
2.61821
2.69357
2.8956
2.5417
2.87585
3.04553
3.30306
2.98014
2.92995
2.51924
2.9966
3.15227
2.98819
2.94331
3.03864
2.64508
2.45034
2.65958
2.6359
2.48933
2.89835
2.7953
2.90923
2.77638
2.50593
3.33011
2.59907
2.8684
2.69773
2.71826
3.06009
2.76918
2.5966
2.98236
2.58132
2.90514
2.58182
2.78294
2.70383
2.60617
2.53528
2.86723
2.95865
3.43632
2.95283
2.71447
2.72314
2.90871
2.94667
2.97438
2.96735
2.71918
2.69971
2.90477
3.15014
2.22564
2.82752
3.58929
2.70417
2.59111
2.81029
3.06217
2.82624
2.85467
3.08491
2.9925
2.90713
2.8276
2.94099
3.30797
2.74768
3.09619
2.97087
2.6739
2.34545
2.86048
3.48114
2.73815
2.78998
2.67904
2.89423
2.87743
2.76974
2.77452
2.9091
2.9345
2.86274
2.92446
2.78631
2.9716
2.99746
2.8309
2.45821
2.80218
3.24435
2.7749
2.91995
2.9166
3.20751
2.88777
2.8162
2.34376
2.90511
2.9477
2.89261
3.04383
2.97159
2.67869
2.71091
2.63962
2.72939
2.40496
3.36434
2.73057
3.28922
2.66138
3.00361
3.00917
2.69265
2.87694
2.96401
3.16008
2.94912
2.46745
2.5469
3.33761
3.00236
2.77826
3.04081
2.8409
2.80018
3.05597
2.85286
2.90481
3.08181
3.26509
3.08434
3.33559
2.73987
2.86786
3.05045
2.88462
3.06499
3.10905
3.21327
2.72688
3.15721
2.84302
2.94076
2.98501
2.78054
3.30109
2.4188
2.78011
2.35689
2.94933
2.74203
2.94446
2.8548
3.11649
2.9389
2.75158
2.95977
3.02409
2.96839
2.79211
2.80672
3.00919
2.59344
2.98316
2.56219
2.99082
3.18133
3.13272
3.049
2.57725
2.63026
2.53542
2.68685
3.05962
3.11165
2.55744
2.71967
2.73854
2.73989
2.81845
2.94397
2.66802
2.60062
3.00911
2.7329
2.90587
3.12127
3.09836
2.41478
3.29784
2.82613
2.94943
2.87049
3.2343
2.18685
3.27154
3.13037
2.7481
3.35149
3.27281
3.11356
2.90488
2.84854
3.32311
3.33618
3.25197
2.99784
2.68202
2.76318
3.14745
2.95719
3.41845
2.88438
2.70915
2.79555
2.69888
3.00146
2.77923
3.03367
2.80593
3.02875
3.04723
2.70943
3.09914
3.07031
3.1922
2.69641
3.04762
3.19343
2.49618
2.71028
3.51658
3.20573
2.80363
3.42358
2.83118
3.14023
2.65918
2.94641
2.88202
2.94123
3.41012
2.63346
2.53498
2.88521
2.94865
2.59877
2.8084
3.17909
2.9661
2.76414
3.1258
2.95938
3.04518
2.57004
2.92331
3.05837
2.73708
2.91818
2.93131
2.93344
2.95264
3.1014
3.0965
3.16708
3.00062
2.52437
2.67125
2.84638
3.03617
2.96717
3.0462
3.00272
3.08582
2.0563
3.08186
2.92347
2.8247
2.76656
2.85488
2.90696
2.94667
2.84296
3.01924
2.69206
3.11903
3.0414
2.74141
3.06199
2.83812
3.102
3.27208
2.71983
2.71307
2.78448
2.50303
2.74518
3.01034
3.19271
3.21591
3.01439
3.21872
2.9329
2.74303
2.5347
2.99071
2.62169
2.9878
2.72926
2.86244
2.91661
2.88647
2.63013
2.82227
2.68553
2.19754
2.67501
2.87962
3.08219
2.68659
2.62318
2.92016
2.82165
3.09286
2.88832
2.85788
3.28244
3.01577
3.07221
2.84935
2.83448
2.58898
2.59184
2.6329
2.56096
3.07025
3.28517
2.76806
2.68491
2.56067
3.03297
2.72843
2.81265
2.83558
2.8668
2.46858
2.63995
2.5241
2.90172
2.78311
3.22121
2.61932
2.64084
2.72884
2.81144
2.91584
3.07701
2.60694
2.68358
3.12533
2.89643
2.61164
3.35222
2.8794
3.26166
2.91596
3.21292
2.58428
2.48334
2.66407
2.80653
2.59044
3.14543
2.90372
3.20281
2.73043
3.00079
2.65184
3.06484
2.49722
3.09002
3.07237
2.82377
2.66822
3.01135
2.70896
2.32323
2.83976
2.86197
2.49854
2.97922
3.17196
2.99071
3.18278
2.97876
2.82595
3.12726
2.62827
3.0249
2.8901
2.7928
2.48218
2.71255
2.25602
3.02013
2.94898
3.1009
2.64818
2.68137
2.62288
2.66614
2.62438
2.54959
2.68061
2.87717
2.98259
2.92704
2.42409
3.08101
2.8512
2.6331
2.6871
2.81217
2.83543
2.62032
2.81187
3.18061
2.9308
2.95818
3.04322
2.66357
2.64544
2.32898
2.72543
2.49016
2.47126
2.88367
2.7292
2.97051
2.46392
3.01905
2.82103
2.83032
2.94219
2.7873
3.37353
2.54938
2.85789
2.64104
3.01265
3.10955
3.37938
2.9409
2.93808
2.67259
2.87252
2.69588
2.992
2.85596
3.03567
2.73944
2.84499
2.82764
3.01709
3.22072
2.76315
2.93025
3.13787
2.57178
2.88556
2.68271
2.82597
2.63024
2.83786
3.18041
2.73825
2.91148
2.75907
2.76309
2.80925
2.34918
2.98878
2.68442
3.25443
2.52883
3.20022
3.2818
2.92689
2.58453
3.26958
2.8898
3.05275
3.00918
2.82296
2.99159
2.61609
2.44715
2.58355
2.91852
3.19296
2.91438
2.78729
2.71699
2.85444
2.96887
2.88029
2.64948
2.72048
2.92649
2.91757
3.15318
2.71973
2.79528
2.79145
2.67232
2.77167
2.88553
2.69823
2.94577
2.71486
2.96268
2.61274
2.78901
3.21763
3.36112
2.93634
3.17312
2.75508
3.03056
3.065
2.55086
2.92438
2.51852
2.71274
2.76261
2.76222
2.9604
3.19688
2.97422
2.52574
2.86446
2.7515
2.74455
3.02162
2.55264
3.33434
2.78392
2.31984
2.94685
2.88095
3.12654
3.39135
2.76016
2.9079
3.07892
2.82717
3.11804
2.56754
2.70786
2.8927
2.6371
3.43861
3.08951
2.71064
3.23637
2.67095
2.41823
3.08611
2.80804
2.56534
2.84175
2.43594
2.77525
2.72837
2.76225
2.75042
2.87118
3.0374
2.86805
3.17763
2.57612
2.82553
2.88099
2.28864
2.6585
3.08909
3.12256
2.77201
2.85455
2.63796
2.69834
3.08856
2.62568
3.06538
2.57173
2.26855
2.74839
2.54919
2.47297
2.85318
2.85878
2.4694
2.40141
2.74302
2.86683
2.80486
3.00327
2.37669
2.64849
2.83239
2.43579
2.13901
2.6603
2.96735
2.94498
2.81502
2.70458
2.24678
2.11089
2.59332
2.87194
2.5405
2.88215
2.14113
2.71285
2.54356
2.54107
2.86957
2.67435
2.79597
3.02753
2.9323
2.88858
2.40529
2.77855
2.82668
3.12125
3.19064
2.99271
3.04405
2.55935
3.04434
2.71266
2.72375
2.94014
3.12525
3.30285
2.39567
2.22302
2.89066
2.8299
2.66013
3.01791
3.1818
2.71169
2.59224
2.50672
2.57035
3.03848
2.87668
3.0088
2.69647
3.11999
2.67526
3.15096
2.93284
3.02857
2.73509
2.94731
3.10594
2.47926
2.86441
3.03759
2.63114
3.30583
3.0165
3.03654
2.49755
2.47291
2.76683
2.42178
2.96058
2.91129
2.64249
3.05529
2.56228
2.81353
2.91176
2.97705
2.80313
2.83083
3.09239
2.64453
2.88121
3.04537
3.14793
2.81823
2.96725
2.64562
2.86514
2.63216
2.58328
2.9456
3.15871
3.03293
2.70438
3.26262
2.87154
2.82075
2.74839
2.71053
2.66699
3.13793
2.9172
3.06141
2.88906
2.71773
3.15021
2.80009
2.7623
2.69202
2.81056
2.9884
3.00809
2.70225
3.10421
2.7731
2.63257
2.83459
2.65672
2.90298
3.12813
2.68673
3.10555
2.69245
2.76952
2.9318
2.59957
2.64568
3.18531
2.86316
3.15137
2.73783
2.73646
2.84045
2.76663
2.54436
2.99256
2.97616
2.89291
2.0214
2.60598
2.70114
3.14207
3.31932
2.79674
3.51695
2.66577
3.0265
2.83751
2.80203
2.7952
3.03819
3.10239
2.62006
2.58984
2.94845
2.71273
3.39229
2.70213
2.99836
3.08196
3.00871
2.8519
2.66576
2.77339
2.74593
2.67861
2.68314
2.78156
3.21339
3.43947
2.83693
2.47477
2.8777
2.72607
3.11999
2.51737
2.69699
2.89817
2.82414
2.57767
2.80464
2.89226
2.45754
2.90871
3.00995
2.9513
2.81267
2.95365
2.88842
2.8671
3.02537
2.48498
3.13195
2.70941
2.80871
2.60164
2.87234
2.18188
2.93613
2.84709
2.63875
3.13419
2.83366
2.54124
3.01027
2.43819
2.64352
2.86237
2.9789
2.53638
2.5516
2.62022
2.74853
2.87955
2.7991
2.81446
2.74214
2.89364
2.70873
2.82756
2.5331
2.44096
2.95694
2.79525
2.70752
2.67693
2.85816
2.7922
2.56854
2.47674
3.00957
2.5873
2.60756
2.57951
2.76548
2.98653
2.51066
2.68707
2.70639
2.86945
2.5435
2.54452
2.57588
2.60785
3.06663
2.54317
2.68398
2.56309
2.44254
2.68068
3.3433
3.03174
2.95868
3.45584
3.49318
2.95813
3.20219
2.99894
2.6605
2.31216
2.90964
3.50836
2.84634
2.66973
3.18971
3.01262
3.10219
2.75526
2.93962
2.7535
2.17128
2.96755
3.00086
2.62271
2.74615
3.0821
3.05362
2.69949
2.98845
2.89512
2.68123
2.8441
3.24487
2.79153
3.3898
2.87411
2.82247
3.02554
3.02308
2.48884
3.03037
3.0032
3.52857
3.08288
3.17831
2.70341
2.7758
2.21997
3.08668
2.69452
3.04957
2.81401
2.9563
2.95045
2.8651
2.88437
3.04581
3.17663
2.86661
3.20062
3.22219
2.76472
2.95214
2.5892
2.62235
3.05448
3.10048
2.95421
2.90664
2.83523
2.79875
2.98895
3.06742
3.32762
3.16965
2.24715
3.47669
2.67327
2.61275
2.40413
3.10261
2.74779
3.01759
2.57668
2.54983
2.5745
2.76947
3.18482
2.81875
2.79695
2.61118
2.58327
2.93977
2.78914
2.572
2.49182
2.77324
3.03375
3.01597
2.83352
2.59823
2.70054
2.53337
3.15627
3.00211
2.77057
2.42496
2.47512
2.96819
2.45432
2.89706
2.72873
2.934
3.02868
3.37268
2.91592
3.01904
2.96822
2.76034
2.92463
2.70263
3.01607
3.18519
2.95831
2.80277
2.94771
2.69985
2.98259
3.07239
2.87756
2.63165
2.71331
3.0284
2.49488
2.76543
2.48302
2.93184
2.95888
3.09393
3.06335
2.7948
3.06993
2.79207
2.77872
2.77474
2.70302
3.05718
2.62874
2.94179
3.14334
2.48262
2.73665
2.83402
2.81363
2.84825
2.54626
2.686
2.81957
2.76048
2.78084
2.89776
3.3773
2.79564
2.84438
2.61482
2.7315
3.11702
3.22625
2.60118
3.00382
2.91792
2.80675
2.80295
2.85385
3.07206
2.60238
2.73677
2.71349
2.54267
2.48351
2.56374
3.22045
2.70404
2.83586
2.80534
3.01899
2.85384
2.3791
2.92391
2.76452
2.85466
2.64042
2.84033
2.68243
2.87162
2.86611
2.89532
2.60261
2.64274
2.73158
2.1726
2.59076
2.85672
2.98147
2.95251
2.71204
2.7939
2.64531
2.66965
2.75869
2.82902
2.69408
2.74902
2.66943
2.69918
2.64092
2.37888
3.12121
3.13362
3.47465
3.07321
3.18572
3.17699
3.17671
2.80248
2.96728
3.10882
2.96799
3.16008
2.77549
2.69206
2.95615
2.68148
2.89082
2.70409
3.02054
3.08456
2.84987
2.92443
2.79115
2.81656
3.11787
3.01424
3.27475
3.04767
3.21725
3.30191
2.58391
3.15737
2.76589
2.77423
2.79551
2.77887
3.00926
3.37328
3.00171
3.3384
2.91961
2.81137
3.18568
2.97642
2.63624
3.1341
2.83158
3.11201
3.06199
2.98012
2.72147
2.98664
2.9989
3.07668
2.75836
3.09216
3.22059
3.03523
2.90718
2.48527
3.0683
3.40351
2.88118
2.77685
2.56454
2.88195
2.7516
3.06381
3.33358
2.65624
2.37787
3.12035
2.77433
2.44611
2.82425
2.63735
2.45437
2.89558
2.75426
2.15093
3.25841
2.94017
2.85562
2.50386
2.66991
2.72236
2.78616
2.90054
3.28028
3.09048
2.62185
3.17208
2.6493
2.78242
2.55125
2.75293
2.54404
2.58231
3.15108
2.80808
2.53482
2.83993
2.59649
2.85938
2.8383
3.11857
2.77734
3.21588
2.85399
2.61966
3.30707
3.13261
3.38645
3.08342
3.04911
2.67602
2.99411
3.09906
2.84771
2.79462
3.1337
2.91491
2.90102
3.15056
3.01625
3.31219
3.20586
2.60902
2.90135
2.9182
2.98177
2.6253
3.21334
2.73033
2.82537
3.11808
3.02085
3.08779
2.66647
2.80508
3.07468
3.18205
3.16194
3.25743
2.36824
3.05727
2.74118
2.86428
3.46887
2.93821
3.32627
3.1394
3.13892
2.80039
2.89422
2.72455
2.66371
2.87792
2.98385
3.12443
3.1832
3.25193
3.12005
2.75655
2.60685
3.36
2.98506
2.97552
2.71106
3.02569
2.90114
2.79308
3.26064
3.37403
2.78441
3.07446
2.79368
2.3006
3.05309
3.18291
3.01132
3.15149
3.03956
3.10626
2.95199
3.18018
2.81265
3.22755
2.99989
2.67593
3.03849
3.19304
2.96572
2.83437
2.69614
2.94752
2.73757
3.29313
2.68077
3.49471
2.90169
2.8993
2.88478
2.96734
3.09393
2.77652
3.01027
3.32675
3.29389
2.77914
2.76498
2.69956
2.77325
3.11128
3.17099
2.93661
2.8885
2.99124
2.62801
2.53819
2.8041
2.74484
2.9913
2.87921
2.91472
2.82259
2.83932
2.8676
2.28826
2.77843
2.80983
2.71782
2.88108
2.6005
2.60881
3.01841
2.91784
2.28237
2.77311
3.09481
2.84592
2.55718
2.78617
3.12011
2.93058
3.2246
2.75286
2.61849
3.34974
3.04205
3.09101
2.79273
2.80018
3.22458
3.23044
2.79736
2.70298
3.09465
3.05419
2.88459
3.30929
2.97698
2.80613
2.78449
2.62623
2.79233
2.58524
2.9273
2.63117
3.19625
3.41188
2.89669
2.78142
2.56883
3.34351
2.85027
3.22876
2.65328
2.70043
2.74334
3.02162
2.91987
3.14028
2.54743
3.13165
3.03051
2.9626
2.99876
2.66574
2.39323
3.1062
3.03963
3.2717
3.17572
3.17807
2.98049
2.95095
2.62718
2.88276
2.96244
2.967
2.99611
3.04429
2.87613
2.80681
2.81352
3.11052
3.03629
2.16397
3.11659
2.83789
2.42314
2.40866
2.99383
3.16074
2.71092
3.01452
2.6626
2.74228
2.86082
2.61222
2.72171
2.70032
2.65382
2.65667
3.05034
2.35374
2.88433
2.29263
2.67535
2.9413
2.84481
2.78868
2.59596
2.91072
2.58705
2.75389
2.66246
3.19001
2.62834
2.94692
3.10797
2.8296
2.69629
3.03336
3.03298
2.4659
2.82284
2.87694
2.91925
2.45777
2.98234
2.95112
2.26972
2.95441
2.68471
3.02677
2.54212
3.02211
2.92495
2.22316
2.99255
2.7328
2.58863
2.7206
2.76265
3.00757
3.06825
2.52105
2.45861
2.94831
2.72119
2.3726
2.70187
2.76977
3.00618
2.78886
2.89335
2.65779
2.48994
2.27502
2.88723
2.85273
2.9849
2.43412
3.2604
2.67359
2.28296
2.8701
3.00859
3.4213
3.18159
3.21524
2.60141
2.79398
3.15668
2.97282
2.9185
2.57071
2.93204
2.82046
2.71791
2.75673
3.09329
2.85882
2.90354
2.8069
2.61538
2.83075
2.94784
2.7745
2.90367
2.63296
2.64497
3.10514
2.84148
2.92806
3.02976
2.54386
3.24433
2.95538
3.00376
2.86912
2.69694
2.78526
3.26421
2.74381
3.32549
3.07703
3.15664
2.89668
3.03907
2.8542
2.98569
3.16409
2.82911
2.7871
2.8944
2.77102
2.87211
3.05205
2.81457
2.65586
3.00697
2.85518
2.66779
2.9069
2.69663
2.71855
2.46766
2.57542
2.67251
3.05217
2.72862
2.80297
2.76063
2.76164
3.24631
2.54106
2.5554
3.15054
3.17052
2.76643
3.02035
2.37726
2.90259
2.24225
3.03341
2.86247
3.00603
3.13184
2.69269
3.14838
2.65267
2.73556
3.06014
3.28356
3.1121
3.01018
2.9603
3.11768
3.13566
2.85271
3.15749
2.76514
2.87683
2.73364
2.77626
2.65351
2.92427
3.02795
3.04409
2.70514
2.80697
3.33681
2.83537
2.90997
3.37869
3.08666
2.68782
2.90202
2.62014
3.09263
2.92868
3.07064
2.72989
2.86723
2.92765
2.93159
2.76702
2.75838
2.80007
2.8121
3.12236
3.23856
2.65875
3.01807
2.80443
2.6557
2.95608
2.83833
3.11171
2.94717
2.49503
3.01104
3.16416
3.33668
2.92045
3.19557
2.8789
3.07388
3.16607
2.93768
2.77018
2.84838
3.30662
2.95207
3.23459
3.00048
3.11848
3.21379
2.62252
2.71337
3.03148
3.19791
3.43398
3.09012
2.83692
3.04677
2.72743
2.562
2.95153
3.16349
3.31161
2.89558
3.22996
2.66195
2.8572
3.14249
3.18266
3.19959
3.1022
3.36975
3.04003
3.03556
2.4536
3.02122
2.91879
2.93032
2.79956
2.888
2.8753
3.09869
3.10548
2.5702
3.53312
2.63923
2.96709
2.79575
2.88932
2.77511
2.60626
3.10133
3.27628
3.38881
3.05468
2.89921
2.73012
2.8406
2.90211
2.74931
3.14633
2.83613
2.9348
3.02882
2.66446
3.18514
2.72719
2.49913
2.75544
3.08911
2.84883
2.99896
3.1913
2.65774
2.82637
2.46618
3.01703
2.7128
3.14617
3.16951
2.76465
3.07946
2.91472
3.45838
3.04758
2.77713
3.16029
2.69507
2.71687
2.70841
2.66894
2.89999
2.93225
3.07273
3.03209
3.3311
2.54214
2.31831
2.80088
2.7701
3.07264
2.97521
2.7037
3.32213
2.54967
2.89108
2.93164
3.18344
2.72379
3.19086
2.61773
2.90688
2.63537
2.55366
2.78124
3.06165
2.65196
2.9081
2.97593
2.82288
2.78354
3.16208
2.67537
2.76638
2.66234
2.95859
3.00102
2.65019
2.72152
3.4426
2.86239
3.09711
3.0695
3.06523
2.98494
2.71691
2.74933
2.19597
2.60113
3.25026
2.82014
3.04954
2.40888
2.87187
2.79658
3.02793
2.66856
2.51765
2.8246
2.76526
2.63526
2.63581
2.6658
2.60093
3.13204
2.76963
2.85911
2.73393
2.65076
2.81348
2.97523
2.75205
2.69057
2.50283
2.62016
2.63493
2.7914
2.85745
2.87044
2.76323
2.95621
2.71589
2.4042
2.57192
2.645
2.43037
2.74178
2.65128
2.9786
2.72198
2.99071
3.24197
2.64384
2.95587
2.76977
3.0854
3.09213
2.67342
2.86764
2.81153
2.69847
3.1508
3.0366
2.87051
3.14482
2.36621
2.95997
2.62079
2.87202
2.98194
2.62928
2.67212
2.97059
3.09706
3.06727
2.78014
3.0702
2.9147
2.73485
2.84943
2.85766
2.6561
3.12897
2.91751
3.02957
3.09415
2.77176
3.13292
2.97036
2.79731
3.0721
2.74675
3.28188
3.46323
3.09007
3.03111
3.07561
2.92573
2.75875
3.14945
2.78089
3.7788
3.02017
3.11738
3.06978
3.01436
2.9216
3.50529
2.74668
3.5249
3.30264
3.01112
3.22878
2.77899
2.62984
2.88023
3.00282
3.82257
3.03176
2.98915
2.80568
3.19783
3.05702
2.94981
2.81788
2.67659
3.03992
2.85835
2.71141
2.89783
2.46679
2.59045
2.90891
2.69283
2.5122
2.92566
2.55558
2.37068
3.02974
2.74571
2.54746
2.05619
2.69305
2.91408
2.64189
2.94945
2.83125
2.73479
2.06398
3.21538
2.75995
2.91776
2.59004
2.90385
2.90201
2.40609
3.01369
3.02115
3.1286
2.81665
2.90556
2.72975
2.9313
3.1834
2.69358
2.71227
3.10013
2.7205
3.05438
2.73824
3.07234
3.05347
2.90953
2.95993
3.41341
2.92226
3.06022
3.01024
2.86789
3.07803
2.70004
2.7891
2.80316
2.58983
3.34331
3.23458
3.21496
2.92294
2.96363
2.64162
2.29382
2.98314
2.51908
2.92046
2.63993
2.90059
3.01569
2.17425
3.30258
2.73536
2.9594
2.6551
2.14348
2.35069
2.51109
2.49615
2.81881
3.06056
3.00856
3.21329
2.71171
2.65327
2.40504
2.6589
2.65406
2.80098
2.94774
2.55405
2.61044
2.62472
2.42943
2.35271
2.84532
2.60754
2.91056
3.16062
2.97899
2.77872
2.82468
2.93897
2.42807
2.74594
2.61659
2.55402
2.87141
2.49055
2.68549
3.08936
2.71476
3.04893
3.06836
3.11138
2.96199
2.47011
2.73743
2.62715
2.75407
2.99712
2.61371
2.81687
2.94589
2.8739
2.94471
2.57533
2.83318
3.01337
2.68721
2.75562
2.38756
2.64092
2.66135
2.58868
2.84119
2.38958
2.67167
2.48177
2.65748
2.55556
2.56417
2.63211
2.91361
2.69417
2.71217
2.37964
2.43381
2.52919
2.75358
2.87456
2.68986
2.89076
2.80588
2.96066
3.03507
2.4095
3.02109
2.87162
2.56431
2.60128
2.97204
2.90027
2.80398
2.41713
2.93508
2.99551
2.67553
2.79639
3.38934
2.89336
2.90586
2.45259
2.86987
2.38133
2.65166
2.93439
2.59193
2.69973
2.7155
2.82686
2.99255
2.85498
2.93365
3.15596
3.00332
2.97757
3.14345
2.6793
3.57485
2.56094
2.7186
2.77814
2.73927
2.67932
2.62174
2.47855
2.91963
2.84365
2.79325
2.81694
2.69636
2.73634
2.29182
2.4754
2.96181
2.89562
2.90642
2.76839
2.82997
2.71421
2.75522
2.83467
2.88395
2.6506
2.77099
2.69729
2.77941
2.61217
2.56806
2.89574
3.03442
2.64723
2.70542
3.19354
2.83751
2.66043
3.06058
2.80022
2.83053
2.81653
2.55197
2.52135
2.64458
2.97705
2.61161
3.1116
2.5764
2.53806
2.94786
2.74207
2.7274
3.35197
2.31457
3.10957
3.02475
2.65394
3.02942
2.66665
2.62192
3.02612
2.94668
2.93037
3.03738
2.55425
2.78091
2.85386
2.73797
2.94199
2.71309
3.23208
2.91284
2.61739
2.86121
2.66253
2.4783
2.72359
3.16849
3.0402
3.14733
2.49057
2.59335
3.38902
3.06805
2.2482
2.69989
2.84883
2.80641
2.92609
2.98945
2.30526
2.42512
2.77668
2.94002
3.03003
2.9173
2.70628
2.9823
2.70629
2.6076
2.89782
3.03043
2.84252
2.99081
2.53558
2.84892
2.96466
2.83146
2.45157
2.93803
2.83842
2.65188
2.70253
2.72245
2.55491
2.70742
2.5315
2.93718
2.79591
3.12944
2.77938
2.85782
2.95308
2.48877
3.04936
2.63683
2.92971
2.57133
2.81628
2.8957
2.77613
2.73753
2.93159
2.9467
3.2102
3.02415
2.53452
2.68709
2.37874
2.30766
2.39622
2.56653
3.08803
3.05381
2.71914
2.52896
2.84473
3.14776
3.21268
2.8424
2.75685
3.14685
2.48345
3.1159
2.74227
3.04903
3.11682
3.04009
3.07537
3.46554
2.82362
2.71727
2.939
2.94108
3.46204
2.89481
3.20778
3.11232
3.47192
2.84527
2.82015
2.67369
2.90821
2.77775
2.65899
3.07463
2.73461
2.69323
2.76281
2.60842
3.13666
2.68318
2.79015
2.83664
2.71233
3.41345
3.06533
2.71396
3.04186
2.92383
3.0704
2.92327
3.02788
2.5086
3.16006
2.84673
2.83839
2.64459
2.94874
3.05722
2.92496
2.83794
3.09823
2.9783
2.95709
2.96648
2.98958
3.37378
2.78221
2.90834
2.74918
3.20923
2.70421
2.56909
3.02097
2.92921
3.06205
3.03384
2.87537
2.4341
2.70001
2.48039
2.57213
2.63058
2.94669
2.35927
2.5073
2.97418
2.41308
2.62276
2.46346
2.64155
2.74013
2.75037
2.65126
2.92816
2.9401
3.00091
2.18591
2.48045
3.09376
2.77263
2.93324
2.54614
2.8479
2.80586
2.47487
2.59272
2.89393
2.75277
3.03326
3.11283
2.96798
2.80204
3.09626
2.67635
2.39403
2.88836
2.2845
2.93802
2.69144
2.76652
2.7885
2.7949
2.61775
2.60379
2.82994
2.85358
2.83126
2.61824
2.77055
2.43812
2.40986
2.70475
2.48844
2.83873
2.28592
2.55269
2.69311
2.60156
2.78292
2.82546
2.81825
2.80786
2.75424
2.3269
2.50336
2.59014
2.78469
2.84772
3.03705
2.27744
2.77617
2.60064
2.44917
2.82593
3.14612
2.98466
3.11813
2.67351
2.61478
2.59289
3.19281
2.84281
3.23418
2.75685
3.0364
2.98791
2.8102
2.98678
2.92223
3.08098
3.02439
2.69978
2.66476
2.82089
2.8001
3.4194
2.93544
3.36677
2.83824
2.84192
2.87884
2.80031
2.94237
2.76166
2.96706
3.08996
3.06095
3.2275
2.86122
3.04756
3.15359
2.73289
3.16704
2.85441
2.8274
2.59996
3.22683
2.80314
2.82311
3.29061
3.21147
3.14277
3.14272
3.05919
2.80491
2.76698
2.86737
3.13892
3.30525
2.8346
2.53087
2.89678
2.91418
2.68303
2.77022
2.88563
2.80913
2.57943
2.56363
2.89318
2.79777
2.52658
2.4745
2.67648
2.66517
3.01814
2.24819
2.96972
2.32412
2.64488
2.68937
2.11208
2.7092
2.51624
2.59815
2.42145
2.5791
2.60418
3.01915
2.85388
3.02174
2.59966
2.99427
3.00099
2.76018
2.89983
2.73366
2.73862
2.79237
3.2995
3.01411
2.86729
2.77114
2.52323
2.14996
3.35121
2.69676
2.64946
