1.21554
1.57743
1.28925
1.67686
1.07832
1.24549
1.25129
1.59674
1.60086
1.2941
1.00814
1.26225
1.4549
1.33602
1.3362
1.24081
0.845793
1.1462
1.22586
1.66677
1.32306
1.3506
1.11976
1.60201
1.3922
1.37923
1.24422
1.26193
1.26893
1.2285
1.36861
1.01446
1.28398
1.18142
1.52958
0.966103
1.0478
1.12928
0.90168
1.42702
1.29326
1.55758
0.995501
1.40672
0.948166
1.39934
1.45113
1.51386
1.51973
1.1949
0.947353
1.26886
1.411
1.56633
1.10243
1.71362
1.01889
1.52412
1.12984
1.34054
1.76715
1.33696
1.40683
1.39458
1.01541
1.09017
1.18454
1.75898
1.13711
1.2252
1.28089
1.70509
1.65184
1.43874
1.43884
1.55156
1.47082
1.48124
1.19522
0.878961
1.11003
1.22348
1.17664
1.40164
1.45688
1.45881
1.16382
1.65333
1.3264
1.18838
1.54757
1.37251
1.30584
1.07464
1.10493
1.56867
1.19276
1.09407
1.49367
1.03135
1.06165
1.08037
0.992364
0.822799
1.36353
1.0177
1.10906
1.07198
0.931771
0.711302
0.87341
1.10257
0.818941
0.972264
1.18649
1.06916
1.16686
0.985263
1.32826
1.01091
0.988513
0.714361
1.10644
0.777958
1.00857
1.31107
0.789798
0.953679
1.31613
1.08887
1.0641
1.04903
0.801381
0.952029
1.06819
1.09865
1.02713
0.822418
0.994153
0.901543
1.05915
1.09617
1.21874
1.32522
1.21766
1.26155
1.21424
1.066
0.598749
1.13463
0.775922
0.908993
0.921777
1.07535
1.11657
1.42496
0.725444
0.715853
0.991206
0.679265
1.14658
0.942009
0.69743
1.12993
1.17906
1.17182
0.834387
0.88671
1.23282
1.14894
1.00851
0.816606
1.29452
0.953821
0.911294
1.14498
1.03944
1.00538
1.09691
0.94784
1.02511
0.724182
1.09579
1.12899
1.38452
1.13784
0.956273
0.915897
0.729887
1.01581
1.23181
0.986554
1.13711
1.32768
1.21995
1.0914
0.807601
0.949535
1.48531
1.25918
1.35686
1.74757
1.05202
1.56777
1.47219
1.28339
1.22442
1.20906
1.49345
1.26384
0.972706
1.73554
1.59372
0.966059
1.29932
1.5096
1.52588
1.50569
1.38478
1.315
1.43331
1.6892
1.66245
1.6545
1.28607
1.81775
1.47761
1.3377
1.24532
1.16586
1.01613
1.12743
1.52064
1.68288
1.23776
1.62258
1.27642
1.27203
1.37695
1.86444
1.64514
1.38313
1.24599
1.65187
1.21247
1.15299
1.09673
1.50098
1.17837
1.60676
1.10935
1.45829
2.22125
1.22849
1.28686
1.21777
1.33269
1.01285
1.6318
1.06951
1.26995
1.57167
1.55859
1.28062
1.1927
1.81852
1.33051
1.21696
1.44135
1.71656
1.24228
1.41864
1.3025
1.28127
1.4511
1.34161
0.902834
1.40962
1.17037
1.09289
1.21992
2.00237
1.31665
1.63263
1.72286
0.965899
1.08861
1.23368
1.55384
1.56557
1.37413
1.54973
1.5574
1.06402
1.80194
1.12855
1.30918
1.63119
1.43836
1.65026
1.44949
1.04849
0.727865
1.11761
1.42459
1.38572
1.08256
1.34924
1.48138
1.19766
1.6275
1.32502
1.46559
1.59297
1.42289
1.30729
1.05952
1.64725
1.46114
1.34407
1.32861
1.85328
1.40983
1.25207
1.29968
0.978846
0.784492
1.45043
1.25138
1.31801
1.27049
1.57627
1.35585
1.0146
1.12322
1.773
1.56529
1.33542
1.34942
1.25372
1.20824
1.22408
1.13668
1.3033
1.32293
1.33807
1.40711
1.2208
1.90031
1.07071
1.27483
1.53789
1.3483
1.19575
1.33289
1.26753
1.23284
1.19683
1.82991
0.992212
0.747972
1.55589
1.59892
1.293
1.41468
1.51723
1.1315
1.39109
1.30954
1.2954
1.34094
1.5293
0.993979
1.32845
1.46249
1.21172
1.47453
1.7738
1.2971
1.07253
1.33884
0.948406
0.464711
1.29119
1.41886
1.40915
1.15541
1.34798
1.27191
1.13799
1.23662
1.65688
1.55224
1.29499
1.32362
1.60544
1.6324
1.53779
1.62696
1.62572
1.07129
1.34479
1.58549
1.58813
1.46173
1.21444
1.99885
1.5614
1.21525
1.4138
1.79832
1.72619
1.48857
1.7366
1.43516
1.34069
1.51469
1.49557
1.76828
1.38632
1.31384
1.67039
1.05875
1.72824
1.41034
1.65765
1.21777
1.58015
1.53813
1.69054
1.6251
1.97477
1.86341
1.61617
1.57456
1.69595
1.11736
1.32755
1.64157
0.941099
1.56774
1.4209
1.89067
1.85152
1.37777
1.23344
1.54944
1.38923
1.67064
1.64066
1.24463
1.3741
1.63059
1.1943
1.49859
1.52194
1.70243
0.857882
1.47126
1.63399
1.8587
1.26274
1.55955
1.52773
1.36791
1.28606
1.66527
1.11001
1.54059
1.24309
1.42491
1.08772
1.7295
1.61209
1.59601
1.56747
1.25461
1.80876
1.33873
1.56045
1.86448
2.01798
1.85079
1.47787
1.21058
1.497
1.48562
1.3194
1.59618
1.32649
1.204
1.06076
1.36336
1.12648
1.42161
1.13679
1.17862
1.02662
1.0878
1.32509
1.22529
1.1535
1.08165
1.55228
1.23406
1.30575
1.25813
1.37019
1.24455
1.07678
1.57944
0.773523
1.33512
1.40837
1.21624
1.20693
1.1519
0.961663
1.10875
1.33939
1.03827
1.41716
0.955484
1.03377
1.33526
1.64445
1.14009
1.36397
0.97787
0.924552
0.858798
1.13772
1.41517
0.938685
1.02922
1.43702
1.20535
1.4643
0.975216
1.45042
1.36625
1.29268
1.38473
1.37138
0.863819
1.18493
1.16229
1.29186
0.923037
0.876305
0.965744
1.19203
1.19682
1.24094
0.937949
1.00865
1.38574
0.972991
1.08238
1.16616
1.42912
0.555554
1.25099
1.28824
0.769395
1.07588
1.40578
1.5282
1.16724
1.11528
1.09555
1.25359
0.703172
1.25629
1.34745
1.31127
1.15045
0.723718
1.00303
1.43683
1.26031
1.26664
1.2601
0.931017
1.11258
1.26545
1.42665
1.11561
1.23832
1.30358
1.29376
1.24578
1.47556
1.54503
1.17689
1.1395
0.971951
1.32029
1.08839
1.23531
1.2516
0.897814
1.27015
1.21731
1.37432
0.894494
1.13307
1.21272
1.09897
1.37621
1.37355
1.09436
0.712051
1.1559
1.04715
1.41151
1.56864
1.17681
1.30386
1.42627
1.47653
1.64812
1.34632
1.01402
1.41097
1.05777
1.50033
1.19667
1.27415
1.27122
1.50918
1.06314
0.991934
1.2295
0.589539
1.19209
1.28399
1.07701
1.24148
1.27678
1.59263
1.12213
1.39885
1.57566
1.63398
1.37184
1.10819
1.63554
1.41302
0.989942
1.60384
1.39504
0.947841
1.03304
1.43869
1.12597
0.974227
1.62262
1.58175
1.33349
1.27306
1.35418
1.14528
1.26858
1.22541
1.63097
0.844713
1.15654
1.45799
1.20608
1.3166
1.35861
1.80664
1.02778
1.60953
1.55905
1.48543
1.44677
1.52696
1.0295
0.998513
1.56542
1.17011
1.28419
1.32269
1.58683
1.57544
1.36555
1.55041
1.60507
1.56567
1.58868
1.35078
1.40506
1.30415
1.32788
1.62388
1.25812
1.17482
1.42978
1.28942
1.11458
1.50133
1.16516
1.48639
1.2532
1.27199
1.48838
1.6938
1.50921
1.11343
1.75105
0.999379
1.4231
1.46356
1.27122
1.2722
1.85399
1.72709
1.82952
1.55952
1.74239
1.45845
1.20503
1.2186
1.74502
1.15194
1.72011
1.79095
1.37669
1.22581
1.64455
1.85568
1.82457
1.42593
1.58954
1.57778
1.63867
1.67345
1.82945
1.27342
1.80447
1.73798
1.08731
0.850373
1.37521
1.44407
1.23846
1.5386
1.5708
1.39511
1.12286
1.19481
1.73336
1.63471
1.51263
1.55747
1.84568
1.232
1.32349
1.54576
1.34814
1.61798
1.70558
1.36383
0.892702
1.0972
1.38469
1.2286
1.24838
1.17926
1.27161
1.42309
1.60255
1.2563
1.40105
1.65087
1.17044
1.17552
1.02488
1.09152
1.46786
1.3338
1.13059
1.36149
0.802026
1.26836
1.29392
1.11118
1.32048
1.01228
1.22915
1.30863
1.40076
1.5732
1.18179
1.36647
1.29051
1.34396
1.40139
1.58553
1.71555
1.18235
1.32438
1.79476
1.46307
1.32673
1.02462
1.34845
1.14692
1.32808
1.35536
1.33404
1.93587
1.4442
1.36593
1.28659
1.18814
0.845637
1.28077
1.00179
1.01412
1.23695
0.789726
1.15999
1.57592
1.8112
1.43705
1.01377
1.57512
1.6144
1.27415
0.870891
1.50626
1.34285
1.3381
1.30858
1.01954
1.62167
0.894603
1.29615
1.12835
1.55648
1.21618
1.59295
1.41806
1.23123
1.60892
1.11952
1.44884
1.85481
1.83755
1.3929
1.3645
1.11797
1.31827
1.39213
1.3106
1.10842
1.21022
0.822547
0.850908
1.66582
1.3355
1.25373
1.20334
1.54479
1.41413
1.30304
0.999304
1.48359
1.27204
1.57259
1.31671
1.35721
1.14305
0.895582
1.81874
1.11029
0.850847
1.03291
1.2424
1.30148
1.60046
1.41905
1.10109
1.15246
1.30258
1.73713
1.54407
1.62245
1.19871
1.62194
1.03402
1.45413
1.48841
1.28772
1.20795
1.69082
1.48095
1.73377
1.17826
1.62523
1.5324
1.15008
1.19568
1.33638
1.02638
1.64364
1.44578
1.32715
1.05094
1.38759
1.36091
1.7418
1.42281
1.65119
1.69046
1.29999
1.48112
1.86626
0.956782
1.23155
1.56305
1.26381
1.12686
1.41803
1.4275
1.45754
1.18728
1.55571
1.04932
1.37275
0.973349
1.68794
1.6329
1.08693
1.5591
1.72199
1.34284
1.66689
1.59305
1.30891
1.7777
1.49375
0.800615
1.2021
0.980625
0.989886
1.2455
1.32002
1.21197
1.40482
1.5005
1.34751
1.22839
0.783896
0.996269
0.967653
0.802432
1.16565
0.868477
0.936934
1.19544
0.54703
1.08414
1.19094
0.975989
1.27643
1.09108
0.96883
1.39602
1.16591
1.37729
1.16317
1.28158
1.24309
1.10213
0.987653
1.18537
1.43674
0.834576
1.22995
1.75258
1.28719
1.29808
1.02088
1.16271
1.56377
1.02678
1.5185
0.800393
1.47209
1.25826
1.3851
1.38974
1.18933
0.949683
0.996305
0.960013
0.954407
1.09419
1.02083
1.21088
1.42845
1.43161
1.8343
0.93117
1.43133
1.2757
1.36793
0.931471
1.38048
1.3524
1.34544
1.2723
1.21394
1.41109
0.85441
1.42534
1.36532
1.10625
1.30326
1.37326
1.1747
1.39504
1.64456
1.41348
1.46567
1.66586
1.82531
1.16474
1.36776
1.15601
0.83077
1.18492
1.28242
1.28216
1.18631
1.03893
1.47128
1.25226
1.50304
1.23102
0.798298
0.884604
1.14668
1.202
1.05915
0.980786
1.12282
1.03197
1.01847
1.15244
1.24612
1.03648
0.966853
1.03302
0.730463
1.32148
1.33468
0.977476
1.01661
1.10729
1.3566
0.960752
0.98458
1.01066
1.58067
1.05421
1.40469
1.62088
1.23429
1.06256
0.915842
1.09395
1.52567
0.834128
1.21684
0.810421
1.43526
0.922948
1.24605
1.33251
1.10417
0.86301
1.13401
1.06661
0.781868
0.749385
1.47019
0.912809
1.13786
1.30815
1.76792
0.983853
1.30294
1.36855
1.31865
0.963976
1.16585
1.50568
1.11653
1.36581
1.06987
1.01132
0.879771
1.54281
1.49689
1.26335
1.45193
1.05568
1.09825
1.18478
1.25576
1.32336
1.34313
1.50951
1.61974
1.21046
1.18395
0.938289
0.923137
1.20842
1.21301
1.04868
1.24412
1.29087
1.32038
1.33568
1.16197
1.07528
1.25168
1.06287
1.26967
0.585404
1.248
1.41164
0.947807
1.19262
1.52482
1.37241
1.18979
1.1025
0.747219
0.831959
1.43936
1.22067
1.02824
1.00244
1.16043
1.23324
1.05209
0.804156
1.42109
1.48226
1.21185
1.35192
1.06252
1.12128
0.967796
1.12965
1.00128
1.25741
0.980589
1.15462
1.05735
1.37664
0.64191
1.08198
1.23563
1.07189
1.30624
1.00052
1.14554
1.14848
0.978646
1.57297
0.924094
0.515747
1.12436
1.58511
0.99519
1.02301
1.27714
0.910392
1.11421
1.0088
1.34361
1.25345
1.5362
1.03119
1.05077
1.12631
1.28593
1.39917
1.51237
1.29617
0.667287
1.01822
0.683347
0.748419
1.37211
1.3265
1.34457
1.22987
1.2518
1.20765
0.83542
0.837174
0.995591
0.973632
1.49561
1.16647
1.4028
1.14186
1.08535
1.29378
1.48512
0.758819
0.803163
0.671577
1.37258
1.3115
1.29775
0.879013
1.4926
1.44884
0.996031
1.21118
0.88364
0.792943
1.37865
1.03984
1.55337
1.01765
1.5201
1.00291
1.27634
1.00213
1.66769
0.969704
1.1269
0.998406
1.35668
1.08991
1.18672
1.23965
1.11714
1.35207
1.36691
1.42137
1.0054
1.68842
1.08257
1.11041
1.26875
1.11737
1.32925
0.897516
0.976291
1.26488
1.3965
1.32718
1.32899
1.00764
1.48204
1.72656
1.12813
1.13757
1.40991
1.04045
1.07465
1.36999
0.991272
1.42537
1.17142
1.27744
1.47068
1.12297
1.10674
1.16833
1.5293
0.919214
1.32103
1.3162
0.949242
1.10902
1.54042
1.35396
1.33422
1.29815
1.15386
1.58931
1.25459
1.3476
1.07473
1.42339
0.842745
1.26182
1.35765
0.891533
1.22362
1.34657
1.17264
0.773241
0.96936
1.3946
1.1732
1.40828
0.855559
1.24475
1.24269
0.946966
1.33555
1.20842
1.10875
1.45609
0.794541
1.56832
1.01592
1.30334
1.36866
1.48448
1.0824
1.51348
1.05882
0.966941
1.16708
1.19942
0.882595
1.18879
1.38579
1.43876
1.28372
1.28284
1.5741
0.910288
1.48244
1.18234
1.57888
1.25991
1.2512
1.57267
1.00606
0.885741
1.24082
1.22272
1.01956
1.3364
1.18042
1.19061
1.84263
1.25137
1.1316
1.07756
1.03606
0.956371
1.27924
1.01214
1.40731
1.15373
1.23803
1.65066
1.2656
0.930471
0.904383
1.34028
1.22913
1.52451
1.30037
1.16025
1.43283
1.19363
1.23378
1.39512
1.2463
0.705424
1.38951
1.45713
0.93324
1.30535
1.33271
1.28324
1.14751
1.7014
1.47379
1.29008
0.819764
1.36812
1.24633
1.3915
1.26267
1.13161
0.98701
1.248
1.47812
1.19764
0.958503
0.928912
1.05648
0.901886
1.39479
1.21972
1.27175
1.33886
1.04519
1.29748
1.54944
1.52687
1.23455
1.6586
1.11094
1.50946
1.51065
1.05539
1.08726
1.27464
1.18983
1.51414
1.37457
1.52207
1.7544
1.1878
0.540745
1.52153
0.946576
1.32415
1.23207
1.05894
1.06525
1.44565
1.37249
1.3909
1.31606
1.762
1.2112
1.39571
1.46967
1.86811
1.13833
1.25944
1.6682
0.90806
0.882481
1.11325
1.2361
1.34755
1.09677
1.39524
1.08881
1.38419
0.896687
1.41021
1.35311
1.106
1.3291
1.55829
1.13062
1.41633
1.6801
1.48061
1.5169
1.32538
1.55214
1.11287
0.623221
1.08611
1.12505
1.35492
1.24508
1.25622
1.25007
1.17692
1.56636
1.33789
1.45397
1.0638
1.24758
1.50364
0.996713
0.67222
1.00162
0.779129
0.907457
1.32563
1.33355
0.998257
1.18242
1.21312
1.34472
1.22606
1.57993
1.09068
1.32828
0.741429
1.1921
0.959896
0.951354
0.886442
1.63043
1.24458
1.58959
0.940611
1.33435
1.69343
0.82745
1.18315
1.1591
1.07878
1.34361
1.493
1.00684
0.863016
1.27858
1.46731
1.45915
0.936445
1.42323
1.46374
1.16129
1.2872
1.57376
0.765817
1.31027
1.13811
0.960735
1.01906
1.18975
0.918385
1.17906
1.15287
1.05088
0.794007
1.50701
0.992276
1.55511
1.60246
0.783434
1.06116
1.28463
1.2475
1.32313
1.05804
1.08194
1.51249
1.21946
1.4407
1.583
1.90514
1.74344
1.40417
1.28633
1.40382
1.46201
1.37545
1.27109
1.03191
0.930272
1.16213
1.40427
1.03773
1.38173
1.45432
1.28565
1.24347
1.42325
1.12995
0.838603
1.5795
1.37536
1.62506
1.04351
1.52007
1.20705
1.72854
1.59071
1.74993
1.51859
1.63222
1.26707
1.34094
1.16618
1.36464
0.909472
1.94747
1.21647
1.5608
1.43091
1.2818
1.98067
1.37618
1.41203
1.0153
1.2407
1.15358
0.940296
1.55864
0.82645
1.40413
1.55504
1.61398
1.66046
1.66858
1.58429
1.53091
1.23063
1.76469
1.31075
0.966041
1.41871
1.29428
1.55217
1.50498
1.59379
1.5445
1.13522
1.57599
0.985233
0.75826
1.56586
1.45338
1.24896
1.11009
1.54754
1.90421
1.39442
0.855377
1.49209
1.20635
1.23431
1.05664
1.32022
1.2936
1.39629
1.04905
1.11803
1.34964
1.34182
1.26441
1.13998
1.43806
1.04254
1.03179
1.45958
1.45462
1.28191
1.3003
0.730695
1.32411
1.06048
1.14458
1.15338
1.43485
1.36763
1.33253
0.880733
1.23628
1.21802
1.02847
0.770342
0.922271
1.57211
1.45763
1.33262
1.34264
1.61242
1.2174
1.26172
1.04551
1.42139
1.29655
1.01206
1.71598
1.35489
0.822365
1.47434
1.52424
1.42319
1.38016
1.15292
1.01506
1.57725
1.50416
0.938828
1.03347
1.16347
1.38349
1.39638
0.830162
1.14728
0.976382
1.30708
1.37579
1.37171
0.936408
1.1664
1.19693
1.32368
1.5345
1.21386
1.31958
1.36273
1.39101
0.840105
0.784082
1.00204
0.74699
1.20245
1.56653
1.39689
1.29973
1.4339
1.23699
1.56969
1.38651
1.49828
1.69354
1.37529
1.58629
1.25282
1.31793
1.41479
1.05201
0.934488
1.30656
1.05383
0.989661
1.4038
1.39509
1.05596
1.18264
1.42715
1.46448
1.48696
1.57414
1.3784
1.37818
1.08
1.3615
1.00131
1.02171
1.05573
1.8066
1.25834
1.62752
1.0519
1.4474
1.84101
1.05956
1.47534
1.21267
1.18574
1.33318
1.73692
1.05084
0.952136
1.29453
1.52859
1.41586
1.21762
1.52502
1.46516
1.34284
1.41516
1.59977
1.04682
1.37046
1.24233
1.15581
1.00972
1.1948
0.89733
1.29684
1.28265
1.10394
0.926422
1.59913
1.29083
1.7532
1.69513
1.07163
1.22213
1.07011
1.195
1.39512
1.09552
1.0654
1.38239
1.36536
1.33953
1.1772
1.15307
1.23331
1.27464
1.3573
1.19046
1.72629
1.48937
1.1436
1.58263
1.46245
1.38806
1.35064
1.32738
1.3262
1.10474
1.50773
1.58295
1.23231
1.23238
0.938331
1.38315
1.22821
1.51189
1.38133
1.30056
1.03438
1.58433
1.11139
1.00597
1.28475
1.50887
1.47364
1.58758
1.08747
1.53477
1.58716
0.987553
1.2179
0.951155
1.08303
1.44362
1.66314
0.971702
1.46328
1.83471
1.36208
1.67563
1.27868
1.3621
1.35592
1.03776
1.14683
1.41807
1.20992
1.6202
1.1731
1.24919
1.47197
1.37915
1.20811
1.09813
0.878866
1.2088
1.29373
1.6007
1.36913
1.68902
1.64278
1.18551
1.63247
1.71417
1.58682
1.40522
1.54874
1.52044
1.68967
1.07129
1.14191
1.36921
1.58348
1.00436
1.0743
1.40599
1.5646
1.66216
1.24173
1.5787
1.42696
1.14767
1.3746
1.50467
0.996829
1.55281
1.15966
1.63382
1.0935
1.39896
1.46303
1.4101
0.812039
1.47137
1.19378
0.8098
1.19951
1.4092
0.546426
1.22109
1.41343
1.63747
1.77356
1.39956
1.42178
0.830944
1.47079
0.963695
1.78347
1.18374
1.43546
1.57007
1.50378
1.1014
1.38688
1.44285
1.64792
1.55253
1.0329
0.939834
2.1173
1.20201
1.08358
0.934759
1.30054
1.46726
0.93678
1.41621
1.63361
1.41452
1.31751
1.3237
1.32967
1.18714
1.42483
1.5511
1.59813
1.62602
1.59776
1.31017
1.40547
1.53132
1.59029
1.30725
1.07578
0.907399
1.6037
1.39224
0.630969
1.22009
1.08716
1.19035
0.624224
1.21797
1.05142
0.941389
1.1768
1.14762
1.06679
1.34215
1.19873
1.1848
1.47288
1.31511
1.15414
1.00187
0.812444
1.18673
1.12689
0.874954
0.921058
1.61336
0.737191
1.33078
1.60231
1.12199
1.12198
1.11288
1.24362
1.60845
0.900748
1.20016
1.01855
1.02127
0.930248
1.46825
1.04421
1.00622
1.07391
1.34215
1.02349
1.11135
1.13552
1.22236
1.20015
1.29747
1.00018
1.72824
0.661691
1.17465
0.957327
1.28753
1.15993
1.02374
1.56795
1.32846
1.49594
1.12272
0.976281
0.723191
1.45885
1.54963
1.08592
1.52593
1.2805
1.13172
1.32383
1.62358
1.46837
1.46639
1.55874
1.66316
1.15808
1.19011
0.880486
1.3336
1.36036
1.42594
0.693795
1.2811
1.10339
1.02347
0.957928
1.10275
1.21945
1.11168
1.33288
1.2353
1.08695
1.44271
0.953698
1.1432
0.607009
1.33072
1.15656
1.20997
0.631999
1.65516
1.1612
1.39214
1.6466
1.21038
0.876999
1.04251
1.38852
1.48859
0.997953
1.14363
1.21558
1.15006
0.92105
1.34124
1.17089
1.01053
1.16275
1.4953
0.931883
0.954439
1.16732
1.23213
1.24152
1.37863
1.09616
1.49423
1.01115
1.26887
1.26195
1.34856
1.26165
1.10273
1.47984
1.02598
1.35772
1.03968
0.85895
0.696382
1.49909
1.38283
1.05422
1.61555
1.4045
1.23498
1.36838
1.70995
1.34701
1.32934
1.50355
1.76999
1.28777
1.15528
0.97319
1.11868
0.87531
1.21803
1.25347
0.965725
0.956404
1.27641
1.50577
1.06571
1.2463
0.817571
1.1449
1.46268
1.31813
1.41628
0.977866
1.36595
0.968222
1.43164
1.35773
1.53176
1.30904
1.38526
1.32882
1.59404
1.48878
1.22347
1.34146
0.889041
1.30503
1.26821
1.40135
1.28954
1.61252
1.22269
0.87326
1.27751
0.856439
1.28463
0.825219
1.09041
1.28718
1.35996
1.15769
1.25161
1.3688
1.67702
1.59143
1.15964
1.22065
1.65321
1.19842
0.814726
1.6165
1.25242
1.30452
1.24457
1.42998
1.48647
0.910094
1.47876
1.34682
1.44001
0.980057
1.26928
1.14349
1.07633
1.37835
1.65961
1.24658
1.53248
1.69501
1.38803
1.54349
1.23786
1.09092
1.21138
1.05654
1.35699
0.663025
1.50108
1.04085
0.779304
1.54978
1.21995
1.02149
1.46377
0.72247
1.61845
1.05068
1.48091
0.961936
1.19131
1.07069
1.51922
1.06726
0.636991
1.02842
1.539
0.938098
1.29807
1.30484
1.23886
1.47221
1.26906
1.63994
0.859523
1.62761
1.30666
1.47439
1.28242
1.13537
1.12521
1.1291
0.796146
1.325
1.44059
1.15062
1.265
1.33254
1.4267
1.76557
1.11017
1.24691
1.03134
1.29113
1.12623
1.44504
1.01699
1.45146
1.01813
1.23304
1.5484
1.14045
0.972098
1.30007
1.29769
1.10607
1.54645
1.25568
1.37033
1.4278
1.38535
1.29192
1.32338
1.36785
0.867023
1.33978
1.37028
1.2902
1.43645
1.02698
1.19506
1.52117
1.43405
1.10149
1.27212
0.963604
0.952603
1.6001
1.06706
1.31461
0.874058
1.33758
1.17671
1.33459
0.967017
1.4849
1.19117
1.20387
1.39957
1.16094
1.0859
1.0714
1.46195
0.907213
1.38132
1.06667
1.40253
0.943963
1.37803
0.865617
1.16784
1.22003
1.04568
1.51886
0.769278
1.10361
1.39743
1.21597
1.51833
1.11134
0.812721
1.17937
1.82164
1.20219
0.814509
1.25321
1.07978
0.987847
1.2558
1.28447
1.41437
1.36214
1.37653
1.3282
1.18418
1.30495
1.42974
1.51638
1.2581
0.957013
1.02852
0.895957
0.944757
1.56965
1.23822
1.20668
1.18635
1.12579
1.4128
1.20795
1.37735
0.992526
1.02215
1.34614
1.00634
1.34206
1.49157
1.41083
1.30392
1.36975
1.3203
1.11217
1.30028
1.0535
1.20533
1.00924
1.12118
0.68708
1.65667
1.10079
1.55595
1.78553
1.31805
1.0519
1.3282
1.01853
1.65666
0.781976
1.53003
1.0689
1.13208
1.10549
1.29861
1.36219
1.09839
1.19655
1.28404
0.962189
1.33733
1.40785
1.33214
1.19675
1.43653
1.13102
1.65208
1.10725
1.21845
1.12732
1.58734
1.34326
1.3218
1.53039
1.33075
1.39339
1.31954
1.01599
0.787045
1.5873
1.69575
1.07897
1.69552
1.24158
1.00248
1.56109
1.77297
1.62587
1.44439
1.44588
1.92524
1.43941
1.21869
1.0446
1.10974
0.745731
1.05399
1.23915
0.74238
1.42409
1.11245
1.20293
1.52287
1.07843
1.22431
1.29709
1.28681
1.29379
1.31198
1.50644
1.44821
1.37217
1.23075
1.18741
1.56366
1.52341
1.52484
1.12164
1.51197
1.54068
1.37617
1.78204
1.30449
1.48733
1.50237
1.46246
1.74805
1.12967
1.19748
1.24608
1.24819
0.930285
1.01875
1.27872
1.29752
1.60526
1.69156
1.7479
1.34592
1.76382
1.53987
1.28898
1.10495
1.81026
1.18724
0.980144
1.30746
1.29787
1.64132
1.3995
1.4758
1.37314
0.778539
1.00704
1.50798
1.15926
1.55727
1.58345
1.39472
1.12364
1.67738
1.73487
0.953356
1.15226
1.5968
1.13324
1.33127
1.15287
1.1526
1.42904
0.986131
1.30804
1.52135
1.17938
0.707048
1.15222
0.986701
1.09426
1.16587
1.38772
1.14584
1.55608
1.43411
1.56501
1.3241
1.50883
1.10533
1.37854
0.846679
1.31309
0.876638
1.56379
1.34779
1.09091
1.10146
0.950991
1.5126
0.762719
1.36207
0.988802
1.17923
1.294
1.11258
1.43665
0.900045
1.26569
1.34682
1.40953
1.29032
1.25276
1.40732
1.24642
1.09235
1.59742
1.33832
0.953852
1.43151
1.3199
1.20968
1.16031
1.55503
1.60409
1.02817
1.29538
0.791211
0.492919
1.2766
1.31198
1.54307
0.956332
1.35678
1.67333
1.30911
0.908082
1.20971
1.1101
1.00177
0.824318
1.24244
0.921076
0.951426
1.13983
0.916548
1.29162
1.14907
1.18285
0.998029
1.00285
1.06286
1.31824
1.22995
0.88269
0.879804
1.46357
1.15704
1.17075
0.858741
1.24739
1.25662
1.17837
1.4718
1.02441
1.47942
1.20255
1.21643
1.35623
1.02569
0.962982
1.05753
0.771539
0.871178
1.15567
0.860501
1.18358
1.29914
1.42121
1.45778
0.938572
1.4195
1.23315
1.07274
1.02487
1.38525
0.906812
1.09666
1.09534
0.948134
1.39288
0.943548
1.05279
1.02276
0.99116
0.946641
1.38274
1.13594
1.23833
1.48435
1.19982
1.23279
1.49985
1.60673
1.00472
1.18001
1.15231
1.62973
1.08188
0.995251
1.36007
1.35808
1.41178
1.60384
1.28522
1.17749
0.972555
1.60179
1.71958
1.61687
1.18003
1.49596
1.49939
1.40081
1.75972
1.56304
1.3683
1.24895
1.73443
1.68664
1.48729
1.42724
1.43859
1.36433
1.33295
1.54463
1.49873
1.16759
1.53679
1.47911
1.32088
0.87242
1.09585
1.25828
1.62731
1.71233
1.57846
1.93431
1.38132
1.62629
1.75731
1.37321
1.07925
1.62313
1.54406
1.06092
1.40874
1.48607
1.50123
1.15199
1.77789
1.2875
1.03361
1.43059
1.75459
1.52234
1.51274
1.88367
1.58842
1.32396
1.80668
1.89477
1.19562
1.58572
1.5925
1.27935
1.6921
1.48207
1.33732
1.25477
0.771025
1.19858
1.41219
1.26783
1.27241
0.894332
1.32692
1.13007
1.58731
1.11851
1.53706
1.48074
1.1203
1.01263
1.40783
1.18211
1.24383
0.893583
1.80455
1.10983
1.5197
1.31427
1.43525
1.55969
1.22936
1.25433
1.3146
0.7254
1.41118
1.41265
1.29644
0.875848
1.35498
1.24046
1.32696
1.42913
1.3136
0.95674
1.50062
1.39254
1.46387
1.09155
1.19205
1.1355
1.04501
1.38496
1.2686
1.05303
1.43407
1.21
1.60551
1.32074
0.91312
1.56017
1.53779
1.06283
1.1
1.2036
1.6176
1.19368
0.65052
1.30134
1.21038
1.06923
0.952862
1.41748
1.00065
1.32877
0.695877
1.17333
0.932204
1.37452
1.323
1.41158
0.921868
0.950727
0.898059
1.42737
1.06725
1.25682
1.16844
1.40201
1.50429
1.3854
1.37229
1.11333
1.43022
1.1542
1.3466
1.21429
0.76239
1.12863
1.27608
0.999462
1.02384
1.1727
1.3173
1.31161
1.35375
1.48069
1.74668
1.1274
1.29397
1.3417
1.10023
0.97672
1.51491
1.08685
1.03407
0.99711
1.2542
1.36719
1.12665
1.25021
1.26692
1.04804
0.826136
1.5525
1.27122
1.25488
1.2761
1.446
0.959315
1.28512
1.19872
0.587047
1.29672
1.4462
1.12624
0.824672
0.986256
1.64454
1.21375
1.10989
1.17278
1.50447
1.43906
1.36586
1.37383
1.40063
1.55424
1.20489
1.56431
1.31809
1.01758
0.923855
1.60572
1.49012
1.51078
0.939458
1.33855
1.69997
0.899664
1.17074
1.34142
1.196
1.36156
1.4872
1.2107
0.709126
1.12785
1.59824
1.48589
1.17928
1.54247
1.71012
1.2871
1.42737
1.83079
1.14846
1.24282
1.25602
1.38187
1.01299
1.34595
1.17691
1.1271
1.06949
1.56788
1.12605
1.52631
1.33767
1.52463
1.63218
1.00822
1.31344
1.4752
1.39018
1.55607
1.53358
1.36416
1.65248
1.24813
0.99707
1.41954
1.29924
1.21034
1.11613
1.22731
1.1297
1.20519
1.11027
1.68369
1.51635
1.30795
1.12025
1.19049
1.42686
1.25863
0.899888
1.20211
1.07648
1.30075
1.21922
1.37278
1.59151
1.07326
1.01679
1.35675
1.02813
1.17626
1.01493
1.2275
0.958221
0.991283
1.24775
1.10805
1.01605
1.56962
1.38772
0.899744
1.43608
1.57068
0.683139
0.98565
1.36364
1.20557
1.17719
1.55679
0.97292
1.39731
1.13705
1.26503
1.15951
1.44484
0.827042
1.01964
1.16081
0.707668
1.04408
1.32801
1.35557
1.68937
1.49803
1.31424
1.29678
0.966743
1.08106
1.17641
1.23394
1.05323
1.39082
1.19884
0.941774
0.96456
1.37857
1.14656
1.10766
1.00464
1.46713
1.00719
1.02468
0.850714
1.24735
1.47635
1.24852
1.24251
0.82466
1.69379
0.890357
1.11319
1.36979
1.16276
0.989976
1.18547
0.961649
0.836919
1.10516
1.58951
1.17125
0.9009
1.41866
1.72121
1.13269
1.2893
1.45863
1.16923
1.18828
1.20268
1.12116
1.12569
1.12403
1.03283
1.10505
1.07689
1.2565
1.25439
1.42038
1.15369
1.25811
1.35233
1.03568
0.951639
1.3649
1.31104
1.26453
1.29031
1.11993
1.4173
1.12677
1.46326
1.2868
1.45718
1.32338
1.34017
1.14309
1.52544
1.33324
1.44436
1.5911
1.19263
1.65548
1.25516
0.815742
1.02125
1.58883
1.2967
1.53157
1.32923
1.4689
1.88789
1.14213
1.07144
1.50363
1.26417
1.28484
1.66554
0.866784
1.06224
1.5856
1.51567
1.45
1.32446
1.60082
1.16107
1.48455
1.49959
1.72992
1.38417
1.5991
1.41191
1.0004
0.952888
1.05138
0.987233
1.15131
1.12026
1.25619
1.06146
1.52081
1.44823
1.66962
1.61236
1.32823
1.51129
1.31757
1.31153
1.32453
1.66387
1.52289
1.45876
1.28153
1.37049
1.23788
1.42107
1.17821
1.15538
1.23795
1.46941
1.11908
1.05224
1.30801
1.14485
0.981675
1.17454
1.48985
1.20473
1.24932
1.12565
1.86511
0.97881
1.48984
1.29857
1.44179
1.55867
1.19155
1.4761
1.01372
0.839577
1.43571
1.35569
1.31821
1.04944
1.1775
1.25275
1.60983
1.46107
1.21452
0.952168
1.25186
1.22772
1.53932
0.794455
1.26625
1.05035
1.22262
1.60153
1.45101
0.854428
1.26995
1.20521
1.24999
1.30995
0.931564
1.39011
1.27133
1.19795
0.96411
1.07605
1.24381
0.805753
0.964863
1.51657
1.36977
0.87183
1.41152
1.05556
1.42154
0.958375
1.67041
1.57892
1.57315
1.32636
1.48788
1.00472
1.20106
1.28329
1.4493
1.0145
1.50308
1.41198
1.11473
0.984144
1.0974
1.678
1.04976
1.42654
1.37142
1.26764
1.08238
1.01984
1.70785
1.05285
1.18984
1.24557
1.42723
1.42942
1.44766
1.51393
1.31161
1.41619
1.47802
1.40583
0.696864
1.52629
1.18566
0.957515
1.30502
1.63725
1.59205
1.00939
1.53611
0.925306
0.894319
1.36527
1.34246
1.46385
1.07837
1.36752
1.69117
1.3785
0.89782
1.23911
1.03634
1.03136
1.52888
1.25094
1.34935
1.13245
1.04983
1.21679
1.39298
0.936049
1.00525
1.36309
1.26489
1.4103
1.26711
0.998698
1.12077
1.39794
0.864631
1.30953
0.70389
0.676268
1.3004
1.27502
0.965816
1.227
1.24046
1.34315
1.25497
1.1938
1.28973
1.73909
1.04702
0.807671
1.30176
1.07674
0.856229
1.22297
1.33574
1.22591
1.11698
1.29348
1.19836
0.892547
1.30032
1.30482
1.42127
1.17283
1.46908
1.30896
0.976156
1.19049
1.47901
1.052
1.21249
1.06492
0.859875
1.40549
1.23853
1.34643
1.40716
1.2949
0.970571
1.61787
1.29175
1.38574
1.27178
1.22175
0.948485
1.20348
1.52025
1.37278
1.15215
1.09366
1.43792
0.872646
0.83414
1.40213
1.11698
0.894806
1.48378
1.51779
1.12882
1.07385
1.09866
1.28952
1.30257
1.27095
0.96943
1.45752
1.06285
1.20231
1.24719
1.05203
1.25452
1.1197
1.46311
0.9735
1.52617
1.08572
0.982319
1.00577
1.44779
1.31736
1.05174
1.50463
1.348
1.19471
1.2003
1.58561
1.35911
1.19564
1.49508
1.53857
1.14718
1.08798
1.10671
1.2304
1.39692
1.54021
1.10184
1.21136
0.980592
1.54611
1.23308
1.18092
1.33563
1.1702
1.48215
1.4772
1.40143
1.44386
1.55418
1.16944
0.964611
1.20306
0.648363
1.15618
1.42415
0.987133
1.45793
1.7069
1.46736
1.40693
1.35745
1.59113
1.35302
1.15167
1.21531
1.43302
1.25425
1.41575
1.60638
1.05176
1.22883
1.11134
1.32544
1.20503
1.0408
1.25312
1.51655
1.32513
0.90282
1.49769
1.28213
1.29615
1.32937
1.75525
1.16324
1.1502
1.40133
1.27249
1.41827
1.28622
1.02623
1.26339
1.66388
1.18912
1.35803
1.56617
1.27621
1.09376
0.966466
1.12124
1.44505
1.00552
1.60947
1.09669
1.64001
1.14077
1.16297
1.66727
1.32728
0.92745
1.33233
1.01013
1.16462
1.32008
1.61755
0.957654
1.08516
1.38258
1.38172
1.21328
1.5082
1.2871
1.43308
1.54574
1.33535
1.23282
1.2081
1.41602
0.901754
1.07845
1.20864
1.28859
1.57055
1.34484
1.50351
1.03104
1.08515
1.39855
1.29104
1.32533
1.45973
1.39322
1.71103
1.47967
1.02122
0.967653
1.43845
1.60321
0.783522
1.28076
1.36038
0.960098
1.19431
1.10419
1.31769
1.53912
1.07225
1.31232
0.871975
1.41331
0.883267
1.55356
1.23014
1.41775
1.30087
1.23957
1.12584
1.23164
1.20672
1.44231
1.24472
0.8215
0.953798
1.84209
0.768946
1.19748
0.923998
1.13258
1.34939
0.724578
1.48323
1.61717
1.67124
1.01513
1.20372
1.12119
1.20625
1.43803
1.54068
1.55278
1.14146
1.32023
1.07752
1.33534
1.38797
1.72823
1.59733
1.45645
1.27317
1.3982
0.825947
1.68628
1.39158
1.74415
1.84454
1.36675
1.007
1.47319
1.34788
1.80393
0.922301
1.59674
1.16117
1.11751
1.13375
1.47261
1.53155
1.20978
1.45209
1.52041
1.1034
1.30896
1.35314
1.61352
1.31486
1.55512
1.12235
1.83287
1.47946
1.30873
1.34262
1.74622
1.44786
1.43042
1.64927
1.16028
1.35775
1.46734
0.997772
1.05867
1.7858
1.75422
1.04431
1.91243
1.43892
1.17731
1.72345
1.84839
1.64129
1.31848
1.37197
1.92519
1.4017
1.24778
1.37625
1.44462
1.01531
1.52306
1.13484
1.34723
1.62864
1.6312
1.77453
1.78325
1.72766
1.34704
1.68276
1.33071
1.40289
1.52785
1.13633
1.72302
1.48841
1.16245
1.52832
1.76893
1.73973
1.77634
1.44656
1.624
1.97311
1.67549
1.31821
1.61803
1.40823
1.51231
1.78729
0.952036
1.33149
0.900747
1.68178
1.58661
1.51046
1.3581
1.39694
1.38928
1.06984
1.85911
1.62448
1.50824
1.42829
1.88034
1.12216
1.00133
1.17706
0.972109
1.78161
1.87033
1.17142
1.58157
0.848288
1.32146
1.22645
1.41439
1.63234
1.17079
1.44005
0.83779
1.45084
1.16777
1.71929
1.10601
1.25945
1.09683
1.37955
0.973557
1.27786
1.31974
1.24733
1.29325
1.28832
1.15875
1.89774
0.80666
1.24286
0.750145
1.30393
1.23512
1.08679
1.42528
1.58032
1.40138
1.12776
1.36696
1.06642
1.13847
1.46574
1.35134
1.4459
1.5327
1.35713
1.37528
1.542
1.36166
1.55544
1.53191
1.41415
0.932754
1.31564
1.15019
1.45394
1.13238
1.36315
0.933146
1.76956
1.58016
1.79424
1.2969
1.46762
1.70168
1.19573
1.37713
1.34452
1.14688
1.27768
1.65314
1.15399
1.07202
1.56698
1.46915
1.72095
1.30531
1.61281
1.60943
1.09852
1.57495
1.55133
0.98645
1.54638
1.44312
0.980807
1.25094
1.29738
1.13162
1.37019
1.27429
1.12896
1.11766
1.35143
0.783745
1.78817
1.71243
1.23476
1.42167
1.59885
1.4624
1.50428
1.31331
1.10895
1.64982
1.41174
1.23984
1.26219
1.56458
1.66956
1.12656
1.52066
1.62604
1.61555
1.44284
1.12425
1.55961
1.57349
1.37197
1.95991
1.42355
1.4013
1.53373
1.35602
1.65806
1.37677
0.860088
1.18807
1.53383
1.52771
1.33258
1.34208
0.750526
1.53228
1.37508
1.18288
1.36313
1.73962
1.20902
1.60616
1.74346
1.05857
1.22469
1.60904
1.38549
1.25618
1.30779
1.00635
1.09385
1.32106
1.28255
1.44092
1.03507
1.18896
1.22479
1.49745
0.868351
1.35319
1.48943
1.42777
1.29119
1.2636
0.937536
1.49647
0.82098
1.56219
0.951312
1.18988
1.43583
1.48357
0.752709
1.35386
1.46122
1.47745
1.32981
0.924893
0.904234
1.70881
1.17866
0.83089
0.845673
1.16308
1.38676
0.870763
1.13714
1.40072
1.1289
1.06094
1.16905
1.16417
0.832356
1.19955
1.5216
1.47825
1.55496
1.45254
1.1392
1.23638
1.26022
1.29018
0.995788
0.848434
0.845993
1.33648
1.23743
1.24102
1.13434
1.08975
1.00842
1.11596
1.13066
1.42733
0.620685
0.993249
1.06477
0.929468
1.35212
1.3038
0.618631
1.19966
1.33147
1.40511
1.02803
0.894684
1.02261
1.21819
1.26677
0.774599
1.24603
1.1708
1.25803
1.00944
1.07895
0.974673
1.02999
0.957688
0.851397
0.885109
1.10278
1.14537
1.42697
1.48691
1.20868
1.15255
0.989061
1.17875
1.19808
1.01143
0.916128
1.2759
1.23663
1.12174
0.986049
1.59394
1.41282
1.4333
1.13691
1.34279
1.71095
1.10116
1.27012
1.47112
1.27982
0.870916
1.52078
1.17789
0.486215
1.07315
1.39487
1.3412
1.20604
1.57483
1.44915
0.896166
1.69982
1.60916
1.05408
1.3783
1.22301
1.29446
1.08285
1.52349
0.708443
1.1656
1.07558
1.34703
1.16839
1.35439
1.18753
1.41959
1.51661
1.13234
1.39455
1.25176
1.57309
1.77039
1.69188
1.38443
1.37132
0.949391
1.38994
0.79048
1.71784
1.1135
1.63117
1.26449
0.98635
1.52365
1.11617
1.30318
0.787165
1.08049
1.58929
1.44406
1.51667
0.819983
1.29116
1.53001
1.60861
1.40719
1.11697
1.44378
1.57468
1.11699
1.61967
1.43581
1.44726
1.34525
1.47492
1.40428
1.115
1.54825
1.74782
1.56685
1.53919
0.876125
0.752147
1.35091
1.3137
1.63501
1.28296
1.3367
1.78322
1.57065
1.25635
1.18744
1.36998
1.54001
1.61976
1.92758
1.34826
1.2797
1.47361
1.31708
1.58868
1.26456
1.08049
1.41064
1.383
1.12892
1.02733
1.20925
1.62647
0.930201
1.46628
1.4029
1.59111
0.996183
1.21153
1.48192
1.07093
1.29348
1.47232
0.940182
1.71614
1.40651
0.931741
0.891588
1.79497
1.36786
1.33494
1.27648
0.941235
1.28354
0.841823
1.23836
1.62256
1.53577
1.49758
1.12705
1.24437
1.63619
0.866584
1.28892
1.10425
1.37457
1.46906
1.24195
1.3111
0.933604
1.00838
1.34767
1.03862
1.37212
0.620368
1.19667
1.06356
1.67545
1.26746
1.12259
1.04779
1.49336
1.06645
1.26559
1.53126
1.34049
1.46372
1.22076
1.26239
1.0904
1.47278
1.62796
1.32386
1.7626
0.810375
0.633424
1.37605
1.45668
1.26313
1.303
1.43307
1.75544
1.34855
0.874493
1.04297
1.61412
1.72273
0.833633
1.42513
0.775554
1.16609
1.37699
1.81926
1.33139
1.19265
1.47346
1.61876
1.61195
1.23331
1.49103
1.6274
0.940515
1.28063
1.70495
1.112
1.44713
0.955328
1.69604
1.44044
1.68053
1.14959
1.00937
0.93545
1.54527
1.38516
1.84329
1.51896
1.673
1.81598
0.896238
1.42808
1.61399
1.6832
1.7158
1.45519
1.54708
1.74507
0.950782
1.53583
1.11117
1.53419
1.40007
1.35765
1.23998
0.99958
0.903201
1.23566
1.14844
1.45396
1.06962
1.15214
1.15434
2.02165
1.25365
1.12558
1.03706
1.49298
1.07657
1.20411
1.37999
1.47105
1.18806
1.29435
1.36633
1.13249
1.3282
1.48502
1.39366
1.60206
1.28426
1.16884
1.38423
1.37923
1.35139
1.40094
1.31509
1.49218
1.03723
1.3313
1.27856
1.18913
1.73482
1.58609
1.24456
1.92419
1.58963
1.53611
1.59477
1.43449
1.72149
1.64017
1.51641
0.915231
2.02795
1.43762
1.3861
1.21769
1.47805
1.61197
1.51828
1.7682
1.4357
1.85377
1.67651
1.30115
1.4846
1.82985
1.87489
0.962257
1.79891
1.41715
1.20277
1.68614
1.8796
1.92667
1.4818
1.59973
1.77812
1.30192
1.38528
1.57855
1.13208
0.929133
0.928979
1.36124
1.34983
0.95605
1.09925
1.18238
1.54764
1.19211
0.634929
0.834263
1.50944
0.972747
0.802431
1.1757
0.942639
1.28446
0.72798
1.29443
1.1131
1.36455
0.978672
0.637315
0.917193
1.23177
1.2801
1.39735
1.40072
1.10837
1.24168
0.794562
1.04637
1.39834
1.25413
1.12019
1.11282
1.1495
1.2752
0.846116
1.55452
0.903787
1.30427
1.23743
1.12587
1.31232
1.54178
1.6292
1.2382
1.24554
1.73534
1.16821
1.45476
1.36035
1.84691
1.32178
1.38038
1.6896
1.11559
0.981076
1.22307
1.32607
1.17948
1.11737
1.5228
1.4622
1.49823
1.14092
1.17343
1.19429
1.16268
1.18937
1.69892
1.14191
1.27187
1.69747
1.63731
1.44107
1.23397
1.03243
1.44974
1.64174
1.06524
1.48759
1.60706
1.33767
1.5216
1.29743
1.27897
1.69755
0.92592
0.838653
1.29171
1.18838
1.26521
0.961656
1.58171
1.60122
1.45265
1.27723
1.21987
0.835518
1.29235
1.37407
1.778
1.52378
1.71559
1.6499
1.0262
1.51613
1.56698
1.53223
1.49037
1.27416
1.28957
1.64279
1.07804
1.2174
1.28455
0.926485
1.21421
1.34659
1.33498
1.20391
1.2797
1.38347
1.33644
1.12772
1.01504
1.40681
1.09511
1.0748
1.46931
1.12892
0.865625
1.04361
1.2499
1.0383
0.873016
1.34136
1.36408
1.10775
0.983949
1.33299
1.06677
1.12225
1.25727
1.5617
0.792654
1.09587
1.32127
1.05914
1.1963
1.21857
1.51827
1.10864
1.03264
1.35422
1.46789
1.17273
1.51389
1.80176
1.56775
1.01446
1.6555
1.60043
1.52434
1.31939
1.50558
1.47846
1.31676
1.35641
1.05666
1.26877
0.951266
1.49872
1.59965
1.50508
1.35256
1.51247
1.44435
1.44371
1.48747
1.43869
1.55944
1.70527
1.83219
1.49244
1.3625
1.0431
1.15672
1.39529
1.12374
1.26009
0.951452
1.24861
1.50619
1.80649
1.42565
1.28745
1.44425
1.32872
0.795354
1.62707
1.28823
1.43801
1.39507
1.45196
1.7166
1.31806
1.42811
1.42015
1.4524
1.35467
0.950361
0.810442
1.23874
1.33602
1.43354
1.27266
1.55506
1.72409
1.3227
1.30872
1.38657
1.16053
1.3578
1.0572
1.00632
1.11591
1.18006
1.28671
1.1544
0.916091
1.06205
1.20738
1.09213
1.16388
0.834844
1.07858
0.7085
0.922293
1.16406
0.803936
0.836339
1.0108
1.2891
1.28691
1.37896
1.12032
1.14586
1.32071
1.07073
0.993564
0.994329
1.32559
1.01573
1.08521
1.08316
0.78381
1.33321
1.2897
1.27597
1.529
1.60979
1.07178
1.64724
1.63353
1.07563
1.14085
1.30209
1.29907
0.894386
1.39871
0.889802
1.24414
1.09064
1.44075
1.08133
1.19075
1.2068
1.42668
1.43171
1.16526
1.41746
1.18108
1.37666
1.72195
1.66591
1.19481
1.32162
1.15866
1.41189
0.994805
1.22221
1.38123
1.84145
1.2239
1.57263
1.48725
1.13783
0.911447
1.34261
1.55712
1.14915
1.665
1.10999
1.47722
1.34724
1.56088
1.35384
1.29162
1.48061
1.08628
1.12363
1.18599
1.34445
1.11067
1.36613
1.80836
1.66566
1.16275
1.10184
1.24783
1.39767
1.67636
1.62116
1.5435
1.17758
1.52907
1.42777
1.25911
0.995043
1.53325
1.34866
1.53563
1.46895
1.23038
1.84445
1.11267
1.22853
1.01972
1.48677
1.41334
1.70751
1.40874
1.37846
1.91613
1.18461
1.51743
1.93057
1.92313
1.36401
1.41766
1.34868
1.11206
1.38444
1.39726
1.33409
1.25245
1.27456
1.34377
1.00988
1.39529
1.34268
1.20969
1.38781
1.02247
1.39431
1.2322
1.27606
1.47905
1.50649
1.54972
0.787837
0.694251
1.19344
1.11516
0.987758
1.13884
1.41411
1.58522
1.34299
0.686085
1.05659
1.01741
1.5302
1.1833
1.03305
1.21852
0.883138
1.40582
0.877046
1.21214
1.33536
1.54226
0.94125
1.11265
1.3262
1.04644
1.26905
1.65892
1.41417
0.94414
1.25369
0.706318
0.732276
1.28217
1.39853
1.23652
1.02157
1.26745
1.27104
0.97319
1.87289
1.29356
0.968481
0.717548
1.31869
1.55754
0.861866
1.5721
1.5231
1.67537
1.29557
1.14193
1.34824
1.35003
1.56746
1.39489
1.88023
1.30673
1.26509
1.3674
1.57607
1.48712
1.50936
1.33125
1.37996
1.18339
1.25697
1.25264
1.62129
1.71631
1.86004
1.36943
1.79412
1.75572
1.23024
1.25688
1.62339
1.09053
1.553
1.49074
1.29403
1.38518
1.81292
1.51944
1.59244
1.52051
1.39095
1.59548
1.39405
1.43033
1.67264
1.86164
1.87649
1.27614
1.33061
1.32354
1.20663
0.994555
1.20975
0.921979
1.53737
1.489
1.6626
0.938926
1.1578
0.800764
1.30561
1.37505
1.46726
1.30446
1.36896
1.42041
1.01179
1.48235
1.42996
1.68007
1.77698
1.57824
1.31081
1.42231
0.665969
1.08989
1.3178
1.24361
1.09753
1.39856
1.50123
1.24759
1.41687
1.18311
1.06156
1.25096
1.48182
1.66774
1.62559
1.35497
1.25344
1.09657
1.27673
1.57318
1.21955
0.956028
1.12715
1.20952
1.43207
1.23409
1.40541
1.49418
1.08639
1.48318
1.67314
1.58111
1.25887
1.4247
1.36973
1.11263
1.60381
1.41378
1.78074
1.42358
1.2042
1.50237
1.62364
1.37612
1.5283
1.39161
1.39525
1.0632
1.1305
1.2972
1.20668
1.14678
1.10065
1.20387
1.58176
0.884107
1.40966
1.30083
0.978737
0.863209
1.48827
0.947604
1.30736
1.37975
0.585872
1.0927
1.20273
1.32267
1.58887
1.13269
1.10496
1.31667
1.12407
1.49512
1.41275
1.31448
1.2919
1.33298
1.64828
1.05309
1.43314
1.23039
1.4504
1.27485
1.31728
1.10776
1.11087
1.40787
1.24768
1.17727
1.65985
1.61467
1.10994
1.3219
1.31639
1.6396
1.62753
1.74354
0.950384
1.08121
1.10977
1.23975
1.35542
1.78208
1.80055
1.42647
1.60581
0.99762
1.43725
1.29926
1.77078
1.62042
1.37144
1.39581
1.4894
0.805181
1.02414
0.885539
1.12243
1.5581
1.422
0.7893
0.907569
1.34506
0.927274
1.54029
1.31436
1.25284
1.24434
1.26848
0.945002
1.09752
1.28181
1.10216
1.27099
1.53838
1.10966
1.12378
1.14912
1.25963
1.43932
1.2424
0.974198
1.16935
1.36511
1.1628
1.32377
1.31828
1.3426
0.739428
1.24712
1.53806
1.17687
1.04441
1.42663
1.45402
1.49148
1.20798
1.25944
1.28788
1.40131
1.29564
1.77995
1.42922
1.53817
1.48511
1.50633
0.862042
0.91856
1.44798
1.11656
1.46689
1.6738
1.18747
1.11234
0.8653
0.962943
1.49329
1.32809
1.27015
1.33004
0.926281
1.21246
0.741526
1.40233
1.55939
1.41039
1.27403
0.98941
0.770813
0.972968
1.60286
1.6954
1.402
1.64987
1.32919
1.41782
1.30352
1.3865
1.71571
1.44834
1.23393
1.52655
1.48718
1.39568
0.974204
1.41028
1.33849
1.39735
1.40175
1.42041
1.31861
1.13846
1.55457
1.46863
1.39569
1.47338
1.68665
1.36813
1.42525
0.802098
0.877411
1.67391
1.26868
1.56973
1.44554
1.0829
1.24943
0.954489
1.31976
1.32214
1.0822
1.105
1.22779
1.30671
1.62141
1.18825
1.71758
1.6259
0.997789
1.47455
0.954515
1.33412
1.64297
1.42393
1.20611
1.48517
1.4155
1.39567
1.52955
1.11935
1.76799
1.83681
1.70036
1.16471
1.52431
1.85806
1.09128
1.19601
1.65767
1.61669
1.4852
1.16678
1.25322
1.6326
1.21349
1.56748
1.40854
1.18799
1.57125
1.55095
0.712641
1.18092
1.1236
1.48729
1.43184
1.56091
1.71689
1.58595
1.05374
1.06978
1.4009
1.35467
1.3951
1.01916
1.34231
1.69701
1.28116
0.729049
1.29548
0.873922
1.23083
1.39108
1.52119
1.14297
1.32463
1.42828
0.909169
1.44765
1.25998
1.23701
0.948352
1.34417
1.37263
1.33019
1.40073
1.73837
1.56771
1.2977
0.981051
1.2882
0.922551
1.30341
0.981751
1.03572
1.6552
1.10791
1.21903
1.40602
1.6722
1.01078
1.58357
1.65422
1.2113
1.57623
1.27057
